-5 -3: 2 2 2 1 0 0 0
-5 0: 2 2 2 1 0 0 0
-5 1: 2 2 2 1 0 0 0
-5 998: 2 2 2 1 0 0 0
-5 999: 2 2 2 1 0 0 0
-5 1000: 0 0 0 0 0 0 0
-5 1001: 0 0 0 0 0 0 0
-5 1100: 0 0 0 0 0 0 0
-5 1199: 0 0 0 0 0 0 0
-4 -3: 2 2 2 1 0 0 0
-4 0: 2 2 2 1 0 0 0
-4 1: 2 2 2 1 0 0 0
-4 998: 2 2 2 1 0 0 0
-4 999: 2 2 2 1 0 0 0
-4 1000: 0 0 0 0 0 0 0
-4 1001: 0 0 0 0 0 0 0
-4 1100: 0 0 0 0 0 0 0
-4 1199: 0 0 0 0 0 0 0
-3 -3: 2 2 2 1 0 0 0
-3 0: 2 2 2 1 0 0 0
-3 1: 2 2 2 1 0 0 0
-3 998: 2 2 2 1 0 0 0
-3 999: 2 2 2 1 0 0 0
-3 1000: 0 0 0 0 0 0 0
-3 1001: 0 0 0 0 0 0 0
-3 1100: 0 0 0 0 0 0 0
-3 1199: 0 0 0 0 0 0 0
-2 -3: 2 2 2 1 0 0 0
-2 0: 2 2 2 1 0 0 0
-2 1: 2 2 2 1 0 0 0
-2 998: 2 2 2 1 0 0 0
-2 999: 2 2 2 1 0 0 0
-2 1000: 0 0 0 0 0 0 0
-2 1001: 0 0 0 0 0 0 0
-2 1100: 0 0 0 0 0 0 0
-2 1199: 0 0 0 0 0 0 0
-1 -3: 2 2 2 1 0 0 0
-1 0: 2 2 2 1 0 0 0
-1 1: 2 2 2 1 0 0 0
-1 998: 2 2 2 1 0 0 0
-1 999: 2 2 2 1 0 0 0
-1 1000: 0 0 0 0 0 0 0
-1 1001: 0 0 0 0 0 0 0
-1 1100: 0 0 0 0 0 0 0
-1 1199: 0 0 0 0 0 0 0
0 -3: 2 2 2 1 0 0 0
0 0: 2 2 2 1 0 0 0
0 1: 2 2 2 1 0 0 0
0 998: 2 2 2 1 0 0 0
0 999: 2 2 2 1 0 0 0
0 1000: 0 0 0 0 0 0 0
0 1001: 0 0 0 0 0 0 0
0 1100: 0 0 0 0 0 0 0
0 1199: 0 0 0 0 0 0 0
1 -3: 2 2 2 1 0 0 0
1 0: 2 2 2 1 0 0 0
1 1: 2 2 2 1 0 0 0
1 998: 2 2 2 1 0 0 0
1 999: 2 2 2 1 0 0 0
1 1000: 0 0 0 0 0 0 0
1 1001: 0 0 0 0 0 0 0
1 1100: 0 0 0 0 0 0 0
1 1199: 0 0 0 0 0 0 0
2 -3: 2 2 2 1 0 0 0
2 0: 2 2 2 1 0 0 0
2 1: 2 2 2 1 0 0 0
2 998: 2 2 2 1 0 0 0
2 999: 2 2 2 1 0 0 0
2 1000: 0 0 0 0 0 0 0
2 1001: 0 0 0 0 0 0 0
2 1100: 0 0 0 0 0 0 0
2 1199: 0 0 0 0 0 0 0
3 -3: 2 2 2 1 0 0 0
3 0: 2 2 2 1 0 0 0
3 1: 2 2 2 1 0 0 0
3 998: 2 2 2 1 0 0 0
3 999: 2 2 2 1 0 0 0
3 1000: 0 0 0 0 0 0 0
3 1001: 0 0 0 0 0 0 0
3 1100: 0 0 0 0 0 0 0
3 1199: 0 0 0 0 0 0 0
4 -3: 2 2 2 1 0 0 0
4 0: 2 2 2 1 0 0 0
4 1: 2 2 2 1 0 0 0
4 998: 2 2 2 1 0 0 0
4 999: 2 2 2 1 0 0 0
4 1000: 0 0 0 0 0 0 0
4 1001: 0 0 0 0 0 0 0
4 1100: 0 0 0 0 0 0 0
4 1199: 0 0 0 0 0 0 0
5 -3: 2 2 2 1 0 0 0
5 0: 2 2 2 1 0 0 0
5 1: 2 2 2 1 0 0 0
5 998: 2 2 2 1 0 0 0
5 999: 2 2 2 1 0 0 0
5 1000: 0 0 0 0 0 0 0
5 1001: 0 0 0 0 0 0 0
5 1100: 0 0 0 0 0 0 0
5 1199: 0 0 0 0 0 0 0
