-30 1195: -1 -1 -1 -1
-30 1196: -1 -1 -1 -1
-30 1197: -1 -1 -1 -1
-30 1198: -1 -1 -1 -1
-30 1199: -1 -1 -1 -1
-30 1200: -1 -1 -1 -1
-30 1201: -1 -1 -1 -1
-30 1202: -1 -1 -1 -1
-30 1203: -1 -1 -1 -1
-30 1204: -1 -1 -1 -1
-30 1205: -1 -1 -1 -1
-30 1206: -1 -1 -1 -1
-30 1207: -1 -1 -1 -1
-30 1208: -1 -1 -1 -1
-30 1209: -1 -1 -1 -1
-30 1210: -1 -1 -1 -1
-30 1211: -1 -1 -1 -1
-30 1212: -1 -1 -1 -1
-30 1213: -1 -1 -1 -1
-30 1214: 0 0 0 0
-30 1215: 0 0 0 0
-30 1216: 1 1 1 1
-30 1217: 1 1 1 1
-30 1218: 1 1 1 1
-30 1219: 1 1 1 1
-30 1220: 1 1 1 1
-30 1221: 1 1 1 1
-30 1222: 1 1 1 1
-30 1223: 0 0 0 0
-30 1224: 0 0 0 0
-30 1225: -1 -1 -1 -1
-30 1226: -1 -1 -1 -1
-30 1227: -1 -1 -1 -1
-30 1228: -1 -1 -1 -1
-30 1229: -1 -1 -1 -1
-30 1230: -1 -1 -1 -1
-30 1231: -1 -1 -1 -1
-30 1232: -1 -1 -1 -1
-30 1233: -1 -1 -1 -1
-30 1234: -1 -1 -1 -1
-30 1235: -1 -1 -1 -1
-30 1236: -1 -1 -1 -1
-30 1237: -1 -1 -1 -1
-30 1238: -1 -1 -1 -1
-30 1239: -1 -1 -1 -1
-30 1240: -1 -1 -1 -1
-29 1195: -1 -1 -1 -1
-29 1196: -1 -1 -1 -1
-29 1197: -1 -1 -1 -1
-29 1198: -1 -1 -1 -1
-29 1199: -1 -1 -1 -1
-29 1200: -1 -1 -1 -1
-29 1201: -1 -1 -1 -1
-29 1202: -1 -1 -1 -1
-29 1203: -1 -1 -1 -1
-29 1204: -1 -1 -1 -1
-29 1205: -1 -1 -1 -1
-29 1206: -1 -1 -1 -1
-29 1207: -1 -1 -1 -1
-29 1208: -1 -1 -1 -1
-29 1209: -1 -1 -1 -1
-29 1210: -1 -1 -1 -1
-29 1211: -1 -1 -1 -1
-29 1212: -1 -1 -1 -1
-29 1213: -1 -1 -1 -1
-29 1214: -1 -1 -1 -1
-29 1215: -1 -1 -1 -1
-29 1216: 0 0 0 0
-29 1217: 0 0 0 0
-29 1218: 1 1 1 1
-29 1219: 1 1 1 1
-29 1220: 1 1 1 1
-29 1221: 0 0 0 0
-29 1222: 0 0 0 0
-29 1223: -1 -1 -1 -1
-29 1224: -1 -1 -1 -1
-29 1225: -1 -1 -1 -1
-29 1226: -1 -1 -1 -1
-29 1227: -1 -1 -1 -1
-29 1228: -1 -1 -1 -1
-29 1229: -1 -1 -1 -1
-29 1230: -1 -1 -1 -1
-29 1231: -1 -1 -1 -1
-29 1232: -1 -1 -1 -1
-29 1233: -1 -1 -1 -1
-29 1234: -1 -1 -1 -1
-29 1235: -1 -1 -1 -1
-29 1236: -1 -1 -1 -1
-29 1237: -1 -1 -1 -1
-29 1238: -1 -1 -1 -1
-29 1239: -1 -1 -1 -1
-29 1240: -1 -1 -1 -1
-28 1195: -1 -1 -1 -1
-28 1196: -1 -1 -1 -1
-28 1197: -1 -1 -1 -1
-28 1198: -1 -1 -1 -1
-28 1199: -1 -1 -1 -1
-28 1200: -1 -1 -1 -1
-28 1201: -1 -1 -1 -1
-28 1202: -1 -1 -1 -1
-28 1203: -1 -1 -1 -1
-28 1204: -1 -1 -1 -1
-28 1205: -1 -1 -1 -1
-28 1206: -1 -1 -1 -1
-28 1207: -1 -1 -1 -1
-28 1208: -1 -1 -1 -1
-28 1209: -1 -1 -1 -1
-28 1210: -1 -1 -1 -1
-28 1211: -1 -1 -1 -1
-28 1212: -1 -1 -1 -1
-28 1213: -1 -1 -1 -1
-28 1214: -1 -1 -1 -1
-28 1215: -1 -1 -1 -1
-28 1216: -1 -1 -1 -1
-28 1217: -1 -1 -1 -1
-28 1218: 0 0 0 0
-28 1219: 0 0 0 0
-28 1220: 0 0 0 0
-28 1221: -1 -1 -1 -1
-28 1222: -1 -1 -1 -1
-28 1223: -1 -1 -1 -1
-28 1224: -1 -1 -1 -1
-28 1225: -1 -1 -1 -1
-28 1226: -1 -1 -1 -1
-28 1227: -1 -1 -1 -1
-28 1228: -1 -1 -1 -1
-28 1229: -1 -1 -1 -1
-28 1230: -1 -1 -1 -1
-28 1231: -1 -1 -1 -1
-28 1232: -1 -1 -1 -1
-28 1233: -1 -1 -1 -1
-28 1234: -1 -1 -1 -1
-28 1235: -1 -1 -1 -1
-28 1236: -1 -1 -1 -1
-28 1237: -1 -1 -1 -1
-28 1238: -1 -1 -1 -1
-28 1239: -1 -1 -1 -1
-28 1240: -1 -1 -1 -1
-27 1195: -1 -1 -1 -1
-27 1196: -1 -1 -1 -1
-27 1197: -1 -1 -1 -1
-27 1198: -1 -1 -1 -1
-27 1199: -1 -1 -1 -1
-27 1200: -1 -1 -1 -1
-27 1201: -1 -1 -1 -1
-27 1202: -1 -1 -1 -1
-27 1203: -1 -1 -1 -1
-27 1204: -1 -1 -1 -1
-27 1205: -1 -1 -1 -1
-27 1206: -1 -1 -1 -1
-27 1207: -1 -1 -1 -1
-27 1208: -1 -1 -1 -1
-27 1209: -1 -1 -1 -1
-27 1210: -1 -1 -1 -1
-27 1211: -1 -1 -1 -1
-27 1212: -1 -1 -1 -1
-27 1213: -1 -1 -1 -1
-27 1214: -1 -1 -1 -1
-27 1215: -1 -1 -1 -1
-27 1216: -1 -1 -1 -1
-27 1217: -1 -1 -1 -1
-27 1218: -1 -1 -1 -1
-27 1219: -1 -1 -1 -1
-27 1220: -1 -1 -1 -1
-27 1221: -1 -1 -1 -1
-27 1222: -1 -1 -1 -1
-27 1223: -1 -1 -1 -1
-27 1224: -1 -1 -1 -1
-27 1225: -1 -1 -1 -1
-27 1226: -1 -1 -1 -1
-27 1227: -1 -1 -1 -1
-27 1228: -1 -1 -1 -1
-27 1229: -1 -1 -1 -1
-27 1230: -1 -1 -1 -1
-27 1231: -1 -1 -1 -1
-27 1232: -1 -1 -1 -1
-27 1233: -1 -1 -1 -1
-27 1234: -1 -1 -1 -1
-27 1235: -1 -1 -1 -1
-27 1236: -1 -1 -1 -1
-27 1237: -1 -1 -1 -1
-27 1238: -1 -1 -1 -1
-27 1239: -1 -1 -1 -1
-27 1240: -1 -1 -1 -1
-26 1195: -1 -1 -1 -1
-26 1196: -1 -1 -1 -1
-26 1197: -1 -1 -1 -1
-26 1198: -1 -1 -1 -1
-26 1199: -1 -1 -1 -1
-26 1200: -1 -1 -1 -1
-26 1201: -1 -1 -1 -1
-26 1202: -1 -1 -1 -1
-26 1203: -1 -1 -1 -1
-26 1204: -1 -1 -1 -1
-26 1205: -1 -1 -1 -1
-26 1206: -1 -1 -1 -1
-26 1207: -1 -1 -1 -1
-26 1208: -1 -1 -1 -1
-26 1209: -1 -1 -1 -1
-26 1210: -1 -1 -1 -1
-26 1211: -1 -1 -1 -1
-26 1212: -1 -1 -1 -1
-26 1213: -1 -1 -1 -1
-26 1214: -1 -1 -1 -1
-26 1215: -1 -1 -1 -1
-26 1216: -1 -1 -1 -1
-26 1217: -1 -1 -1 -1
-26 1218: -1 -1 -1 -1
-26 1219: -1 -1 -1 -1
-26 1220: -1 -1 -1 -1
-26 1221: -1 -1 -1 -1
-26 1222: -1 -1 -1 -1
-26 1223: -1 -1 -1 -1
-26 1224: -1 -1 -1 -1
-26 1225: -1 -1 -1 -1
-26 1226: -1 -1 -1 -1
-26 1227: -1 -1 -1 -1
-26 1228: -1 -1 -1 -1
-26 1229: -1 -1 -1 -1
-26 1230: -1 -1 -1 -1
-26 1231: -1 -1 -1 -1
-26 1232: -1 -1 -1 -1
-26 1233: -1 -1 -1 -1
-26 1234: -1 -1 -1 -1
-26 1235: -1 -1 -1 -1
-26 1236: -1 -1 -1 -1
-26 1237: -1 -1 -1 -1
-26 1238: -1 -1 -1 -1
-26 1239: -1 -1 -1 -1
-26 1240: -1 -1 -1 -1
-25 1195: -1 -1 -1 -1
-25 1196: -1 -1 -1 -1
-25 1197: -1 -1 -1 -1
-25 1198: -1 -1 -1 -1
-25 1199: -1 -1 -1 -1
-25 1200: -1 -1 -1 -1
-25 1201: -1 -1 -1 -1
-25 1202: -1 -1 -1 -1
-25 1203: -1 -1 -1 -1
-25 1204: -1 -1 -1 -1
-25 1205: -1 -1 -1 -1
-25 1206: -1 -1 -1 -1
-25 1207: -1 -1 -1 -1
-25 1208: -1 -1 -1 -1
-25 1209: -1 -1 -1 -1
-25 1210: -1 -1 -1 -1
-25 1211: -1 -1 -1 -1
-25 1212: -1 -1 -1 -1
-25 1213: -1 -1 -1 -1
-25 1214: -1 -1 -1 -1
-25 1215: -1 -1 -1 -1
-25 1216: -1 -1 -1 -1
-25 1217: -1 -1 -1 -1
-25 1218: -1 -1 -1 -1
-25 1219: -1 -1 -1 -1
-25 1220: -1 -1 -1 -1
-25 1221: -1 -1 -1 -1
-25 1222: -1 -1 -1 -1
-25 1223: -1 -1 -1 -1
-25 1224: -1 -1 -1 -1
-25 1225: -1 -1 -1 -1
-25 1226: -1 -1 -1 -1
-25 1227: -1 -1 -1 -1
-25 1228: -1 -1 -1 -1
-25 1229: -1 -1 -1 -1
-25 1230: -1 -1 -1 -1
-25 1231: -1 -1 -1 -1
-25 1232: -1 -1 -1 -1
-25 1233: -1 -1 -1 -1
-25 1234: -1 -1 -1 -1
-25 1235: -1 -1 -1 -1
-25 1236: -1 -1 -1 -1
-25 1237: -1 -1 -1 -1
-25 1238: -1 -1 -1 -1
-25 1239: -1 -1 -1 -1
-25 1240: -1 -1 -1 -1
-24 1195: -1 -1 -1 -1
-24 1196: -1 -1 -1 -1
-24 1197: -1 -1 -1 -1
-24 1198: -1 -1 -1 -1
-24 1199: -1 -1 -1 -1
-24 1200: -1 -1 -1 -1
-24 1201: -1 -1 -1 -1
-24 1202: -1 -1 -1 -1
-24 1203: -1 -1 -1 -1
-24 1204: -1 -1 -1 -1
-24 1205: -1 -1 -1 -1
-24 1206: -1 -1 -1 -1
-24 1207: -1 -1 -1 -1
-24 1208: -1 -1 -1 -1
-24 1209: -1 -1 -1 -1
-24 1210: -1 -1 -1 -1
-24 1211: -1 -1 -1 -1
-24 1212: -1 -1 -1 -1
-24 1213: -1 -1 -1 -1
-24 1214: -1 -1 -1 -1
-24 1215: -1 -1 -1 -1
-24 1216: -1 -1 -1 -1
-24 1217: -1 -1 -1 -1
-24 1218: -1 -1 -1 -1
-24 1219: -1 -1 -1 -1
-24 1220: -1 -1 -1 -1
-24 1221: -1 -1 -1 -1
-24 1222: -1 -1 -1 -1
-24 1223: -1 -1 -1 -1
-24 1224: -1 -1 -1 -1
-24 1225: -1 -1 -1 -1
-24 1226: -1 -1 -1 -1
-24 1227: -1 -1 -1 -1
-24 1228: -1 -1 -1 -1
-24 1229: -1 -1 -1 -1
-24 1230: -1 -1 -1 -1
-24 1231: -1 -1 -1 -1
-24 1232: -1 -1 -1 -1
-24 1233: -1 -1 -1 -1
-24 1234: -1 -1 -1 -1
-24 1235: -1 -1 -1 -1
-24 1236: -1 -1 -1 -1
-24 1237: -1 -1 -1 -1
-24 1238: -1 -1 -1 -1
-24 1239: -1 -1 -1 -1
-24 1240: -1 -1 -1 -1
-23 1195: -1 -1 -1 -1
-23 1196: -1 -1 -1 -1
-23 1197: -1 -1 -1 -1
-23 1198: -1 -1 -1 -1
-23 1199: -1 -1 -1 -1
-23 1200: -1 -1 -1 -1
-23 1201: -1 -1 -1 -1
-23 1202: -1 -1 -1 -1
-23 1203: -1 -1 -1 -1
-23 1204: -1 -1 -1 -1
-23 1205: -1 -1 -1 -1
-23 1206: -1 -1 -1 -1
-23 1207: -1 -1 -1 -1
-23 1208: -1 -1 -1 -1
-23 1209: -1 -1 -1 -1
-23 1210: -1 -1 -1 -1
-23 1211: -1 -1 -1 -1
-23 1212: -1 -1 -1 -1
-23 1213: -1 -1 -1 -1
-23 1214: -1 -1 -1 -1
-23 1215: -1 -1 -1 -1
-23 1216: -1 -1 -1 -1
-23 1217: -1 -1 -1 -1
-23 1218: -1 -1 -1 -1
-23 1219: -1 -1 -1 -1
-23 1220: -1 -1 -1 -1
-23 1221: -1 -1 -1 -1
-23 1222: -1 -1 -1 -1
-23 1223: -1 -1 -1 -1
-23 1224: -1 -1 -1 -1
-23 1225: -1 -1 -1 -1
-23 1226: -1 -1 -1 -1
-23 1227: -1 -1 -1 -1
-23 1228: -1 -1 -1 -1
-23 1229: -1 -1 -1 -1
-23 1230: -1 -1 -1 -1
-23 1231: -1 -1 -1 -1
-23 1232: -1 -1 -1 -1
-23 1233: -1 -1 -1 -1
-23 1234: -1 -1 -1 -1
-23 1235: -1 -1 -1 -1
-23 1236: -1 -1 -1 -1
-23 1237: -1 -1 -1 -1
-23 1238: -1 -1 -1 -1
-23 1239: -1 -1 -1 -1
-23 1240: -1 -1 -1 -1
-22 1195: -1 -1 -1 -1
-22 1196: -1 -1 -1 -1
-22 1197: -1 -1 -1 -1
-22 1198: -1 -1 -1 -1
-22 1199: -1 -1 -1 -1
-22 1200: -1 -1 -1 -1
-22 1201: -1 -1 -1 -1
-22 1202: -1 -1 -1 -1
-22 1203: -1 -1 -1 -1
-22 1204: -1 -1 -1 -1
-22 1205: -1 -1 -1 -1
-22 1206: -1 -1 -1 -1
-22 1207: -1 -1 -1 -1
-22 1208: -1 -1 -1 -1
-22 1209: -1 -1 -1 -1
-22 1210: -1 -1 -1 -1
-22 1211: -1 -1 -1 -1
-22 1212: -1 -1 -1 -1
-22 1213: -1 -1 -1 -1
-22 1214: -1 -1 -1 -1
-22 1215: -1 -1 -1 -1
-22 1216: -1 -1 -1 -1
-22 1217: 0 0 0 0
-22 1218: 0 0 0 0
-22 1219: 1 1 1 1
-22 1220: 0 0 0 0
-22 1221: 0 0 0 0
-22 1222: -1 -1 -1 -1
-22 1223: -1 -1 -1 -1
-22 1224: -1 -1 -1 -1
-22 1225: -1 -1 -1 -1
-22 1226: -1 -1 -1 -1
-22 1227: -1 -1 -1 -1
-22 1228: -1 -1 -1 -1
-22 1229: -1 -1 -1 -1
-22 1230: -1 -1 -1 -1
-22 1231: -1 -1 -1 -1
-22 1232: -1 -1 -1 -1
-22 1233: -1 -1 -1 -1
-22 1234: -1 -1 -1 -1
-22 1235: -1 -1 -1 -1
-22 1236: -1 -1 -1 -1
-22 1237: -1 -1 -1 -1
-22 1238: -1 -1 -1 -1
-22 1239: -1 -1 -1 -1
-22 1240: -1 -1 -1 -1
-21 1195: -1 -1 -1 -1
-21 1196: -1 -1 -1 -1
-21 1197: -1 -1 -1 -1
-21 1198: -1 -1 -1 -1
-21 1199: -1 -1 -1 -1
-21 1200: -1 -1 -1 -1
-21 1201: -1 -1 -1 -1
-21 1202: -1 -1 -1 -1
-21 1203: -1 -1 -1 -1
-21 1204: -1 -1 -1 -1
-21 1205: -1 -1 -1 -1
-21 1206: -1 -1 -1 -1
-21 1207: -1 -1 -1 -1
-21 1208: -1 -1 -1 -1
-21 1209: -1 -1 -1 -1
-21 1210: -1 -1 -1 -1
-21 1211: -1 -1 -1 -1
-21 1212: -1 -1 -1 -1
-21 1213: -1 -1 -1 -1
-21 1214: -1 -1 -1 -1
-21 1215: 0 0 0 0
-21 1216: 0 0 0 0
-21 1217: 1 1 1 1
-21 1218: 1 1 1 1
-21 1219: 1 1 1 1
-21 1220: 1 1 1 1
-21 1221: 1 1 1 1
-21 1222: 0 0 0 0
-21 1223: 0 0 0 0
-21 1224: -1 -1 -1 -1
-21 1225: -1 -1 -1 -1
-21 1226: -1 -1 -1 -1
-21 1227: -1 -1 -1 -1
-21 1228: -1 -1 -1 -1
-21 1229: -1 -1 -1 -1
-21 1230: -1 -1 -1 -1
-21 1231: -1 -1 -1 -1
-21 1232: -1 -1 -1 -1
-21 1233: -1 -1 -1 -1
-21 1234: -1 -1 -1 -1
-21 1235: -1 -1 -1 -1
-21 1236: -1 -1 -1 -1
-21 1237: -1 -1 -1 -1
-21 1238: -1 -1 -1 -1
-21 1239: -1 -1 -1 -1
-21 1240: -1 -1 -1 -1
-20 1195: -1 -1 -1 -1
-20 1196: -1 -1 -1 -1
-20 1197: -1 -1 -1 -1
-20 1198: -1 -1 -1 -1
-20 1199: -1 -1 -1 -1
-20 1200: -1 -1 -1 -1
-20 1201: -1 -1 -1 -1
-20 1202: -1 -1 -1 -1
-20 1203: -1 -1 -1 -1
-20 1204: -1 -1 -1 -1
-20 1205: -1 -1 -1 -1
-20 1206: -1 -1 -1 -1
-20 1207: -1 -1 -1 -1
-20 1208: -1 -1 -1 -1
-20 1209: -1 -1 -1 -1
-20 1210: -1 -1 -1 -1
-20 1211: -1 -1 -1 -1
-20 1212: -1 -1 -1 -1
-20 1213: 0 0 0 0
-20 1214: 0 0 0 0
-20 1215: 1 1 1 1
-20 1216: 1 1 1 1
-20 1217: 1 1 1 1
-20 1218: 1 1 1 1
-20 1219: 1 1 1 1
-20 1220: 1 1 1 1
-20 1221: 1 1 1 1
-20 1222: 1 1 1 1
-20 1223: 1 1 1 1
-20 1224: 0 0 0 0
-20 1225: 0 0 0 0
-20 1226: -1 -1 -1 -1
-20 1227: -1 -1 -1 -1
-20 1228: -1 -1 -1 -1
-20 1229: -1 -1 -1 -1
-20 1230: -1 -1 -1 -1
-20 1231: -1 -1 -1 -1
-20 1232: -1 -1 -1 -1
-20 1233: -1 -1 -1 -1
-20 1234: -1 -1 -1 -1
-20 1235: -1 -1 -1 -1
-20 1236: -1 -1 -1 -1
-20 1237: -1 -1 -1 -1
-20 1238: -1 -1 -1 -1
-20 1239: -1 -1 -1 -1
-20 1240: -1 -1 -1 -1
-19 1195: -1 -1 -1 -1
-19 1196: -1 -1 -1 -1
-19 1197: -1 -1 -1 -1
-19 1198: -1 -1 -1 -1
-19 1199: -1 -1 -1 -1
-19 1200: -1 -1 -1 -1
-19 1201: -1 -1 -1 -1
-19 1202: -1 -1 -1 -1
-19 1203: -1 -1 -1 -1
-19 1204: -1 -1 -1 -1
-19 1205: -1 -1 -1 -1
-19 1206: -1 -1 -1 -1
-19 1207: -1 -1 -1 -1
-19 1208: -1 -1 -1 -1
-19 1209: -1 -1 -1 -1
-19 1210: -1 -1 -1 -1
-19 1211: 0 0 0 0
-19 1212: 0 0 0 0
-19 1213: 1 1 1 1
-19 1214: 1 1 1 1
-19 1215: 1 1 1 1
-19 1216: 1 1 1 1
-19 1217: 1 1 1 1
-19 1218: 1 1 1 1
-19 1219: 1 1 1 1
-19 1220: 1 1 1 1
-19 1221: 1 1 1 1
-19 1222: 1 1 1 1
-19 1223: 1 1 1 1
-19 1224: 1 1 1 1
-19 1225: 1 1 1 1
-19 1226: 0 0 0 0
-19 1227: 0 0 0 0
-19 1228: -1 -1 -1 -1
-19 1229: -1 -1 -1 -1
-19 1230: -1 -1 -1 -1
-19 1231: -1 -1 -1 -1
-19 1232: -1 -1 -1 -1
-19 1233: -1 -1 -1 -1
-19 1234: -1 -1 -1 -1
-19 1235: -1 -1 -1 -1
-19 1236: -1 -1 -1 -1
-19 1237: -1 -1 -1 -1
-19 1238: -1 -1 -1 -1
-19 1239: -1 -1 -1 -1
-19 1240: -1 -1 -1 -1
-18 1195: -1 -1 -1 -1
-18 1196: -1 -1 -1 -1
-18 1197: -1 -1 -1 -1
-18 1198: -1 -1 -1 -1
-18 1199: -1 -1 -1 -1
-18 1200: -1 -1 -1 -1
-18 1201: -1 -1 -1 -1
-18 1202: -1 -1 -1 -1
-18 1203: -1 -1 -1 -1
-18 1204: -1 -1 -1 -1
-18 1205: -1 -1 -1 -1
-18 1206: -1 -1 -1 -1
-18 1207: -1 -1 -1 -1
-18 1208: -1 -1 -1 -1
-18 1209: 0 0 0 0
-18 1210: 0 0 0 0
-18 1211: 1 1 1 1
-18 1212: 1 1 1 1
-18 1213: 1 1 1 1
-18 1214: 1 1 1 1
-18 1215: 1 1 1 1
-18 1216: 1 1 1 1
-18 1217: 1 1 1 1
-18 1218: 1 1 1 1
-18 1219: 1 1 1 1
-18 1220: 1 1 1 1
-18 1221: 1 1 1 1
-18 1222: 1 1 1 1
-18 1223: 1 1 1 1
-18 1224: 1 1 1 1
-18 1225: 1 1 1 1
-18 1226: 1 1 1 1
-18 1227: 1 1 1 1
-18 1228: 0 0 0 0
-18 1229: 0 0 0 0
-18 1230: -1 -1 -1 -1
-18 1231: -1 -1 -1 -1
-18 1232: -1 -1 -1 -1
-18 1233: -1 -1 -1 -1
-18 1234: -1 -1 -1 -1
-18 1235: -1 -1 -1 -1
-18 1236: -1 -1 -1 -1
-18 1237: -1 -1 -1 -1
-18 1238: -1 -1 -1 -1
-18 1239: -1 -1 -1 -1
-18 1240: -1 -1 -1 -1
-17 1195: -1 -1 -1 -1
-17 1196: -1 -1 -1 -1
-17 1197: -1 -1 -1 -1
-17 1198: -1 -1 -1 -1
-17 1199: -1 -1 -1 -1
-17 1200: -1 -1 -1 -1
-17 1201: -1 -1 -1 -1
-17 1202: -1 -1 -1 -1
-17 1203: -1 -1 -1 -1
-17 1204: -1 -1 -1 -1
-17 1205: -1 -1 -1 -1
-17 1206: -1 -1 -1 -1
-17 1207: 0 0 0 0
-17 1208: 0 0 0 0
-17 1209: 1 1 1 1
-17 1210: 1 1 1 1
-17 1211: 1 1 1 1
-17 1212: 1 1 1 1
-17 1213: 1 1 1 1
-17 1214: 1 1 1 1
-17 1215: 1 1 1 1
-17 1216: 1 1 1 1
-17 1217: 1 1 1 1
-17 1218: 1 1 1 1
-17 1219: 1 1 1 1
-17 1220: 1 1 1 1
-17 1221: 1 1 1 1
-17 1222: 1 1 1 1
-17 1223: 1 1 1 1
-17 1224: 1 1 1 1
-17 1225: 1 1 1 1
-17 1226: 1 1 1 1
-17 1227: 1 1 1 1
-17 1228: 1 1 1 1
-17 1229: 1 1 1 1
-17 1230: 0 0 0 0
-17 1231: 0 0 0 0
-17 1232: -1 -1 -1 -1
-17 1233: -1 -1 -1 -1
-17 1234: -1 -1 -1 -1
-17 1235: -1 -1 -1 -1
-17 1236: -1 -1 -1 -1
-17 1237: -1 -1 -1 -1
-17 1238: -1 -1 -1 -1
-17 1239: -1 -1 -1 -1
-17 1240: -1 -1 -1 -1
-16 1195: -1 -1 -1 -1
-16 1196: -1 -1 -1 -1
-16 1197: -1 -1 -1 -1
-16 1198: -1 -1 -1 -1
-16 1199: -1 -1 -1 -1
-16 1200: -1 -1 -1 -1
-16 1201: -1 -1 -1 -1
-16 1202: -1 -1 -1 -1
-16 1203: -1 -1 -1 -1
-16 1204: -1 -1 -1 -1
-16 1205: 0 0 0 0
-16 1206: 0 0 0 0
-16 1207: 1 1 1 1
-16 1208: 1 1 1 1
-16 1209: 1 1 1 1
-16 1210: 1 1 1 1
-16 1211: 1 1 1 1
-16 1212: 1 1 1 1
-16 1213: 1 1 1 1
-16 1214: 1 1 1 1
-16 1215: 1 1 1 1
-16 1216: 1 1 1 1
-16 1217: 1 1 1 1
-16 1218: 1 1 1 1
-16 1219: 1 1 1 1
-16 1220: 1 1 1 1
-16 1221: 1 1 1 1
-16 1222: 1 1 1 1
-16 1223: 1 1 1 1
-16 1224: 2 1 1 1
-16 1225: 1 1 1 1
-16 1226: 1 1 1 1
-16 1227: 1 1 1 1
-16 1228: 1 1 1 1
-16 1229: 1 1 1 1
-16 1230: 1 1 1 1
-16 1231: 1 1 1 1
-16 1232: 0 0 0 0
-16 1233: 0 0 0 0
-16 1234: -1 -1 -1 -1
-16 1235: -1 -1 -1 -1
-16 1236: -1 -1 -1 -1
-16 1237: -1 -1 -1 -1
-16 1238: -1 -1 -1 -1
-16 1239: -1 -1 -1 -1
-16 1240: -1 -1 -1 -1
-15 1195: -1 -1 -1 -1
-15 1196: -1 -1 -1 -1
-15 1197: -1 -1 -1 -1
-15 1198: -1 -1 -1 -1
-15 1199: -1 -1 -1 -1
-15 1200: -1 -1 -1 -1
-15 1201: -1 -1 -1 -1
-15 1202: -1 -1 -1 -1
-15 1203: 0 0 0 0
-15 1204: 0 0 0 0
-15 1205: 1 1 1 1
-15 1206: 1 1 1 1
-15 1207: 1 1 1 1
-15 1208: 1 1 1 1
-15 1209: 1 1 1 1
-15 1210: 1 1 1 1
-15 1211: 1 1 1 1
-15 1212: 1 1 1 1
-15 1213: 1 1 1 1
-15 1214: 1 1 1 1
-15 1215: 1 1 1 1
-15 1216: 1 1 1 1
-15 1217: 1 1 1 1
-15 1218: 1 1 1 1
-15 1219: 1 1 1 1
-15 1220: 1 1 1 1
-15 1221: 1 1 1 1
-15 1222: 1 1 1 1
-15 1223: 1 1 1 1
-15 1224: 1 1 1 1
-15 1225: 1 1 1 1
-15 1226: 1 1 1 1
-15 1227: 1 1 1 1
-15 1228: 1 1 1 1
-15 1229: 1 1 1 1
-15 1230: 1 1 1 1
-15 1231: 1 1 1 1
-15 1232: 1 1 1 1
-15 1233: 1 1 1 1
-15 1234: 0 0 0 0
-15 1235: 0 0 0 0
-15 1236: -1 -1 -1 -1
-15 1237: -1 -1 -1 -1
-15 1238: -1 -1 -1 -1
-15 1239: -1 -1 -1 -1
-15 1240: -1 -1 -1 -1
-14 1195: -1 -1 -1 -1
-14 1196: -1 -1 -1 -1
-14 1197: -1 -1 -1 -1
-14 1198: -1 -1 -1 -1
-14 1199: -1 -1 -1 -1
-14 1200: -1 -1 -1 -1
-14 1201: 0 0 0 0
-14 1202: 0 0 0 0
-14 1203: 1 1 1 1
-14 1204: 1 1 1 1
-14 1205: 1 1 1 1
-14 1206: 1 1 1 1
-14 1207: 1 1 1 1
-14 1208: 1 1 1 1
-14 1209: 1 1 1 1
-14 1210: 1 1 1 1
-14 1211: 1 1 1 1
-14 1212: 1 1 1 1
-14 1213: 1 1 1 1
-14 1214: 1 1 1 1
-14 1215: 1 1 1 1
-14 1216: 1 1 1 1
-14 1217: 1 1 1 1
-14 1218: 1 1 1 1
-14 1219: 1 1 1 1
-14 1220: 1 1 1 1
-14 1221: 1 1 1 1
-14 1222: 1 1 1 1
-14 1223: 1 1 1 1
-14 1224: 1 1 1 1
-14 1225: 1 1 1 1
-14 1226: 1 1 1 1
-14 1227: 1 1 1 1
-14 1228: 1 1 1 1
-14 1229: 1 1 1 1
-14 1230: 1 1 1 1
-14 1231: 1 1 1 1
-14 1232: 1 1 1 1
-14 1233: 1 1 1 1
-14 1234: 1 1 1 1
-14 1235: 1 1 1 1
-14 1236: 0 0 0 0
-14 1237: 0 0 0 0
-14 1238: -1 -1 -1 -1
-14 1239: -1 -1 -1 -1
-14 1240: -1 -1 -1 -1
-13 1195: -1 -1 -1 -1
-13 1196: -1 -1 -1 -1
-13 1197: -1 -1 -1 -1
-13 1198: -1 -1 -1 -1
-13 1199: -1 -1 -1 -1
-13 1200: 0 0 0 0
-13 1201: 1 1 1 1
-13 1202: 1 1 1 1
-13 1203: 1 1 1 1
-13 1204: 1 1 1 1
-13 1205: 1 1 1 1
-13 1206: 1 1 1 1
-13 1207: 1 1 1 1
-13 1208: 1 1 1 1
-13 1209: 1 1 1 1
-13 1210: 1 1 1 1
-13 1211: 1 1 1 1
-13 1212: 1 1 1 1
-13 1213: 1 1 1 1
-13 1214: 1 1 1 1
-13 1215: 1 1 1 1
-13 1216: 1 1 1 1
-13 1217: 1 1 1 1
-13 1218: 1 1 1 1
-13 1219: 1 1 1 1
-13 1220: 1 1 1 1
-13 1221: 1 1 1 1
-13 1222: 1 1 1 1
-13 1223: 1 1 1 1
-13 1224: 1 1 1 1
-13 1225: 1 1 1 1
-13 1226: 1 1 1 1
-13 1227: 1 1 1 1
-13 1228: 1 1 1 1
-13 1229: 1 1 1 1
-13 1230: 1 1 1 1
-13 1231: 1 1 1 1
-13 1232: 1 1 1 1
-13 1233: 1 1 1 1
-13 1234: 1 1 1 1
-13 1235: 1 1 1 1
-13 1236: 1 1 1 1
-13 1237: 1 1 1 1
-13 1238: 0 0 0 0
-13 1239: 0 0 0 0
-13 1240: -1 -1 -1 -1
-12 1195: -1 -1 -1 -1
-12 1196: -1 -1 -1 -1
-12 1197: -1 -1 -1 -1
-12 1198: -1 -1 -1 -1
-12 1199: -1 -1 -1 -1
-12 1200: 1 1 1 1
-12 1201: 1 1 1 1
-12 1202: 1 1 1 1
-12 1203: 1 1 1 1
-12 1204: 1 1 1 1
-12 1205: 1 1 1 1
-12 1206: 1 1 1 1
-12 1207: 1 1 1 1
-12 1208: 1 1 1 1
-12 1209: 1 1 1 1
-12 1210: 1 1 1 1
-12 1211: 1 1 1 1
-12 1212: 1 1 1 1
-12 1213: 1 1 1 1
-12 1214: 1 1 1 1
-12 1215: 1 1 1 1
-12 1216: 1 1 1 1
-12 1217: 1 1 1 1
-12 1218: 1 1 1 1
-12 1219: 1 1 1 1
-12 1220: 1 1 1 1
-12 1221: 1 1 1 1
-12 1222: 1 1 1 1
-12 1223: 1 1 1 1
-12 1224: 1 1 1 1
-12 1225: 1 1 1 1
-12 1226: 1 1 1 1
-12 1227: 1 1 1 1
-12 1228: 1 1 1 1
-12 1229: 1 1 1 1
-12 1230: 1 1 1 1
-12 1231: 1 1 1 1
-12 1232: 1 1 1 1
-12 1233: 1 1 1 1
-12 1234: 1 1 1 1
-12 1235: 1 1 1 1
-12 1236: 1 1 1 1
-12 1237: 1 1 1 1
-12 1238: 1 1 1 1
-12 1239: 0 0 0 0
-12 1240: 0 0 0 0
-11 1195: -1 -1 -1 -1
-11 1196: -1 -1 -1 -1
-11 1197: -1 -1 -1 -1
-11 1198: -1 -1 -1 -1
-11 1199: -1 -1 -1 -1
-11 1200: 1 1 1 1
-11 1201: 1 1 1 1
-11 1202: 1 1 1 1
-11 1203: 1 1 1 1
-11 1204: 1 1 1 1
-11 1205: 1 1 1 1
-11 1206: 1 1 1 1
-11 1207: 1 1 1 1
-11 1208: 1 1 1 1
-11 1209: 1 1 1 1
-11 1210: 1 1 1 1
-11 1211: 1 1 1 1
-11 1212: 1 1 1 1
-11 1213: 1 1 1 1
-11 1214: 1 1 1 1
-11 1215: 1 1 1 1
-11 1216: 1 1 1 1
-11 1217: 1 1 1 1
-11 1218: 1 1 1 1
-11 1219: 1 1 1 1
-11 1220: 1 1 1 1
-11 1221: 1 1 1 1
-11 1222: 1 1 1 1
-11 1223: 1 1 1 1
-11 1224: 1 1 1 1
-11 1225: 1 1 1 1
-11 1226: 1 1 1 1
-11 1227: 1 1 1 1
-11 1228: 1 1 1 1
-11 1229: 1 1 1 1
-11 1230: 1 1 1 1
-11 1231: 1 1 1 1
-11 1232: 1 1 1 1
-11 1233: 1 1 1 1
-11 1234: 1 1 1 1
-11 1235: 1 1 1 1
-11 1236: 1 1 1 1
-11 1237: 1 1 1 1
-11 1238: 1 1 1 1
-11 1239: 0 0 0 0
-11 1240: 0 0 0 0
-10 1195: -1 -1 -1 -1
-10 1196: -1 -1 -1 -1
-10 1197: -1 -1 -1 -1
-10 1198: -1 -1 -1 -1
-10 1199: -1 -1 -1 -1
-10 1200: 0 0 0 0
-10 1201: 0 0 0 0
-10 1202: 1 1 1 1
-10 1203: 1 1 1 1
-10 1204: 1 1 1 1
-10 1205: 1 1 1 1
-10 1206: 1 1 1 1
-10 1207: 1 1 1 1
-10 1208: 1 1 1 1
-10 1209: 1 1 1 1
-10 1210: 1 1 1 1
-10 1211: 1 1 1 1
-10 1212: 1 1 1 1
-10 1213: 1 1 1 1
-10 1214: 1 1 1 1
-10 1215: 1 1 1 1
-10 1216: 1 1 1 1
-10 1217: 1 1 1 1
-10 1218: 1 1 1 1
-10 1219: 1 1 1 1
-10 1220: 1 1 1 1
-10 1221: 1 1 1 1
-10 1222: 1 1 1 1
-10 1223: 1 1 1 1
-10 1224: 1 1 1 1
-10 1225: 1 1 1 1
-10 1226: 1 1 1 1
-10 1227: 1 1 1 1
-10 1228: 1 1 1 1
-10 1229: 1 1 1 1
-10 1230: 1 1 1 1
-10 1231: 1 1 1 1
-10 1232: 1 1 1 1
-10 1233: 1 1 1 1
-10 1234: 1 1 1 1
-10 1235: 1 1 1 1
-10 1236: 1 1 1 1
-10 1237: 0 0 0 0
-10 1238: 0 0 0 0
-10 1239: -1 -1 -1 -1
-10 1240: -1 -1 -1 -1
-9 1195: -1 -1 -1 -1
-9 1196: -1 -1 -1 -1
-9 1197: -1 -1 -1 -1
-9 1198: -1 -1 -1 -1
-9 1199: -1 -1 -1 -1
-9 1200: -1 -1 -1 -1
-9 1201: -1 -1 -1 -1
-9 1202: 0 0 0 0
-9 1203: 0 0 0 0
-9 1204: 1 1 1 1
-9 1205: 1 1 1 1
-9 1206: 1 1 1 1
-9 1207: 1 1 1 1
-9 1208: 1 1 1 1
-9 1209: 1 1 1 1
-9 1210: 1 1 1 1
-9 1211: 1 1 1 1
-9 1212: 1 1 1 1
-9 1213: 1 1 1 1
-9 1214: 1 1 1 1
-9 1215: 1 1 1 1
-9 1216: 1 1 1 1
-9 1217: 1 1 1 1
-9 1218: 1 1 1 1
-9 1219: 1 1 1 1
-9 1220: 1 1 1 1
-9 1221: 1 1 1 1
-9 1222: 1 1 1 1
-9 1223: 1 1 1 1
-9 1224: 1 1 1 1
-9 1225: 1 1 1 1
-9 1226: 1 1 1 1
-9 1227: 1 1 1 1
-9 1228: 1 1 1 1
-9 1229: 1 1 1 1
-9 1230: 1 1 1 1
-9 1231: 1 1 1 1
-9 1232: 1 1 1 1
-9 1233: 1 1 1 1
-9 1234: 1 1 1 1
-9 1235: 0 0 0 0
-9 1236: 0 0 0 0
-9 1237: -1 -1 -1 -1
-9 1238: -1 -1 -1 -1
-9 1239: -1 -1 -1 -1
-9 1240: -1 -1 -1 -1
-8 1195: -1 -1 -1 -1
-8 1196: -1 -1 -1 -1
-8 1197: -1 -1 -1 -1
-8 1198: -1 -1 -1 -1
-8 1199: -1 -1 -1 -1
-8 1200: -1 -1 -1 -1
-8 1201: -1 -1 -1 -1
-8 1202: -1 -1 -1 -1
-8 1203: -1 -1 -1 -1
-8 1204: 0 0 0 0
-8 1205: 0 0 0 0
-8 1206: 1 1 1 1
-8 1207: 1 1 1 1
-8 1208: 1 1 1 1
-8 1209: 1 1 1 1
-8 1210: 1 1 3 1
-8 1211: 1 1 1 1
-8 1212: 1 1 1 1
-8 1213: 1 1 1 1
-8 1214: 1 1 1 1
-8 1215: 1 1 1 1
-8 1216: 1 1 1 1
-8 1217: 1 1 1 1
-8 1218: 1 1 1 1
-8 1219: 1 1 1 1
-8 1220: 1 1 1 1
-8 1221: 1 1 1 1
-8 1222: 1 1 1 1
-8 1223: 1 1 1 1
-8 1224: 1 1 1 1
-8 1225: 1 1 1 1
-8 1226: 1 1 1 1
-8 1227: 1 1 1 1
-8 1228: 1 1 1 1
-8 1229: 1 1 1 1
-8 1230: 1 1 1 1
-8 1231: 1 1 1 1
-8 1232: 1 1 1 1
-8 1233: 0 0 0 0
-8 1234: 0 0 0 0
-8 1235: -1 -1 -1 -1
-8 1236: -1 -1 -1 -1
-8 1237: -1 -1 -1 -1
-8 1238: -1 -1 -1 -1
-8 1239: -1 -1 -1 -1
-8 1240: -1 -1 -1 -1
-7 1195: -1 -1 -1 -1
-7 1196: -1 -1 -1 -1
-7 1197: -1 -1 -1 -1
-7 1198: -1 -1 -1 -1
-7 1199: -1 -1 -1 -1
-7 1200: -1 -1 -1 -1
-7 1201: -1 -1 -1 -1
-7 1202: -1 -1 -1 -1
-7 1203: -1 -1 -1 -1
-7 1204: -1 -1 -1 -1
-7 1205: -1 -1 -1 -1
-7 1206: 0 0 0 0
-7 1207: 0 0 0 0
-7 1208: 1 1 1 1
-7 1209: 1 1 1 1
-7 1210: 1 1 1 1
-7 1211: 1 1 1 1
-7 1212: 1 1 1 1
-7 1213: 1 1 1 1
-7 1214: 1 1 1 1
-7 1215: 1 1 1 1
-7 1216: 1 1 1 1
-7 1217: 1 1 1 1
-7 1218: 1 1 1 1
-7 1219: 1 1 1 1
-7 1220: 1 1 1 1
-7 1221: 1 1 1 1
-7 1222: 1 1 1 1
-7 1223: 1 1 1 1
-7 1224: 1 1 1 1
-7 1225: 1 1 1 1
-7 1226: 1 1 1 1
-7 1227: 1 1 1 1
-7 1228: 1 1 1 1
-7 1229: 1 1 1 1
-7 1230: 1 1 1 1
-7 1231: 0 0 0 0
-7 1232: 0 0 0 0
-7 1233: -1 -1 -1 -1
-7 1234: -1 -1 -1 -1
-7 1235: -1 -1 -1 -1
-7 1236: -1 -1 -1 -1
-7 1237: -1 -1 -1 -1
-7 1238: -1 -1 -1 -1
-7 1239: -1 -1 -1 -1
-7 1240: -1 -1 -1 -1
-6 1195: -1 -1 -1 -1
-6 1196: -1 -1 -1 -1
-6 1197: -1 -1 -1 -1
-6 1198: -1 -1 -1 -1
-6 1199: -1 -1 -1 -1
-6 1200: -1 -1 -1 -1
-6 1201: -1 -1 -1 -1
-6 1202: -1 -1 -1 -1
-6 1203: -1 -1 -1 -1
-6 1204: -1 -1 -1 -1
-6 1205: -1 -1 -1 -1
-6 1206: -1 -1 -1 -1
-6 1207: -1 -1 -1 -1
-6 1208: 0 0 0 0
-6 1209: 0 0 0 0
-6 1210: 1 1 1 1
-6 1211: 1 1 1 1
-6 1212: 1 1 1 1
-6 1213: 1 1 1 1
-6 1214: 1 1 1 1
-6 1215: 1 1 1 1
-6 1216: 1 1 1 1
-6 1217: 1 1 1 1
-6 1218: 1 1 1 1
-6 1219: 1 1 1 1
-6 1220: 1 1 1 1
-6 1221: 1 1 1 1
-6 1222: 1 1 1 1
-6 1223: 1 1 1 1
-6 1224: 1 1 1 1
-6 1225: 1 1 1 1
-6 1226: 1 1 1 1
-6 1227: 1 1 1 1
-6 1228: 1 1 1 1
-6 1229: 0 0 0 0
-6 1230: 0 0 0 0
-6 1231: -1 -1 -1 -1
-6 1232: -1 -1 -1 -1
-6 1233: -1 -1 -1 -1
-6 1234: -1 -1 -1 -1
-6 1235: -1 -1 -1 -1
-6 1236: -1 -1 -1 -1
-6 1237: -1 -1 -1 -1
-6 1238: -1 -1 -1 -1
-6 1239: -1 -1 -1 -1
-6 1240: -1 -1 -1 -1
-5 1195: -1 -1 -1 -1
-5 1196: -1 -1 -1 -1
-5 1197: -1 -1 -1 -1
-5 1198: -1 -1 -1 -1
-5 1199: -1 -1 -1 -1
-5 1200: -1 -1 -1 -1
-5 1201: -1 -1 -1 -1
-5 1202: -1 -1 -1 -1
-5 1203: -1 -1 -1 -1
-5 1204: -1 -1 -1 -1
-5 1205: -1 -1 -1 -1
-5 1206: -1 -1 -1 -1
-5 1207: -1 -1 -1 -1
-5 1208: -1 -1 -1 -1
-5 1209: -1 -1 -1 -1
-5 1210: 0 0 0 0
-5 1211: 0 0 0 0
-5 1212: 1 1 1 1
-5 1213: 1 1 1 1
-5 1214: 1 1 1 1
-5 1215: 1 1 1 1
-5 1216: 1 1 1 1
-5 1217: 1 1 1 1
-5 1218: 1 1 1 1
-5 1219: 1 1 1 1
-5 1220: 1 1 1 1
-5 1221: 1 1 1 1
-5 1222: 1 1 1 1
-5 1223: 1 1 1 1
-5 1224: 1 1 1 1
-5 1225: 1 1 1 1
-5 1226: 1 1 1 1
-5 1227: 0 0 0 0
-5 1228: 0 0 0 0
-5 1229: -1 -1 -1 -1
-5 1230: -1 -1 -1 -1
-5 1231: -1 -1 -1 -1
-5 1232: -1 -1 -1 -1
-5 1233: -1 -1 -1 -1
-5 1234: -1 -1 -1 -1
-5 1235: -1 -1 -1 -1
-5 1236: -1 -1 -1 -1
-5 1237: -1 -1 -1 -1
-5 1238: -1 -1 -1 -1
-5 1239: -1 -1 -1 -1
-5 1240: -1 -1 -1 -1
-4 1195: -1 -1 -1 -1
-4 1196: -1 -1 -1 -1
-4 1197: -1 -1 -1 -1
-4 1198: -1 -1 -1 -1
-4 1199: -1 -1 -1 -1
-4 1200: -1 -1 -1 -1
-4 1201: -1 -1 -1 -1
-4 1202: -1 -1 -1 -1
-4 1203: -1 -1 -1 -1
-4 1204: -1 -1 -1 -1
-4 1205: -1 -1 -1 -1
-4 1206: -1 -1 -1 -1
-4 1207: -1 -1 -1 -1
-4 1208: -1 -1 -1 -1
-4 1209: -1 -1 -1 -1
-4 1210: -1 -1 -1 -1
-4 1211: -1 -1 -1 -1
-4 1212: 0 0 0 0
-4 1213: 0 0 0 0
-4 1214: 1 1 1 1
-4 1215: 1 1 1 1
-4 1216: 1 1 1 1
-4 1217: 1 1 1 1
-4 1218: 1 1 1 1
-4 1219: 1 1 1 1
-4 1220: 1 1 1 1
-4 1221: 1 1 1 1
-4 1222: 1 1 1 1
-4 1223: 1 1 1 1
-4 1224: 1 1 1 1
-4 1225: 0 0 0 0
-4 1226: 0 0 0 0
-4 1227: -1 -1 -1 -1
-4 1228: -1 -1 -1 -1
-4 1229: -1 -1 -1 -1
-4 1230: -1 -1 -1 -1
-4 1231: -1 -1 -1 -1
-4 1232: -1 -1 -1 -1
-4 1233: -1 -1 -1 -1
-4 1234: -1 -1 -1 -1
-4 1235: -1 -1 -1 -1
-4 1236: -1 -1 -1 -1
-4 1237: -1 -1 -1 -1
-4 1238: -1 -1 -1 -1
-4 1239: -1 -1 -1 -1
-4 1240: -1 -1 -1 -1
-3 1195: -1 -1 -1 -1
-3 1196: -1 -1 -1 -1
-3 1197: -1 -1 -1 -1
-3 1198: -1 -1 -1 -1
-3 1199: -1 -1 -1 -1
-3 1200: -1 -1 -1 -1
-3 1201: -1 -1 -1 -1
-3 1202: -1 -1 -1 -1
-3 1203: -1 -1 -1 -1
-3 1204: -1 -1 -1 -1
-3 1205: -1 -1 -1 -1
-3 1206: -1 -1 -1 -1
-3 1207: -1 -1 -1 -1
-3 1208: -1 -1 -1 -1
-3 1209: -1 -1 -1 -1
-3 1210: -1 -1 -1 -1
-3 1211: -1 -1 -1 -1
-3 1212: -1 -1 -1 -1
-3 1213: -1 -1 -1 -1
-3 1214: 0 0 0 0
-3 1215: 0 0 0 0
-3 1216: 1 1 1 1
-3 1217: 1 1 1 1
-3 1218: 1 1 1 1
-3 1219: 1 1 1 1
-3 1220: 1 1 1 1
-3 1221: 1 1 1 1
-3 1222: 1 1 1 1
-3 1223: 0 0 0 0
-3 1224: 0 0 0 0
-3 1225: -1 -1 -1 -1
-3 1226: -1 -1 -1 -1
-3 1227: -1 -1 -1 -1
-3 1228: -1 -1 -1 -1
-3 1229: -1 -1 -1 -1
-3 1230: -1 -1 -1 -1
-3 1231: -1 -1 -1 -1
-3 1232: -1 -1 -1 -1
-3 1233: -1 -1 -1 -1
-3 1234: -1 -1 -1 -1
-3 1235: -1 -1 -1 -1
-3 1236: -1 -1 -1 -1
-3 1237: -1 -1 -1 -1
-3 1238: -1 -1 -1 -1
-3 1239: -1 -1 -1 -1
-3 1240: -1 -1 -1 -1
-2 1195: -1 -1 -1 -1
-2 1196: -1 -1 -1 -1
-2 1197: -1 -1 -1 -1
-2 1198: -1 -1 -1 -1
-2 1199: -1 -1 -1 -1
-2 1200: -1 -1 -1 -1
-2 1201: -1 -1 -1 -1
-2 1202: -1 -1 -1 -1
-2 1203: -1 -1 -1 -1
-2 1204: -1 -1 -1 -1
-2 1205: -1 -1 -1 -1
-2 1206: -1 -1 -1 -1
-2 1207: -1 -1 -1 -1
-2 1208: -1 -1 -1 -1
-2 1209: -1 -1 -1 -1
-2 1210: -1 -1 -1 -1
-2 1211: -1 -1 -1 -1
-2 1212: -1 -1 -1 -1
-2 1213: -1 -1 -1 -1
-2 1214: -1 -1 -1 -1
-2 1215: -1 -1 -1 -1
-2 1216: 0 0 0 0
-2 1217: 0 0 0 0
-2 1218: 1 1 1 1
-2 1219: 1 1 1 1
-2 1220: 1 1 1 1
-2 1221: 0 0 0 0
-2 1222: 0 0 0 0
-2 1223: -1 -1 -1 -1
-2 1224: -1 -1 -1 -1
-2 1225: -1 -1 -1 -1
-2 1226: -1 -1 -1 -1
-2 1227: -1 -1 -1 -1
-2 1228: -1 -1 -1 -1
-2 1229: -1 -1 -1 -1
-2 1230: -1 -1 -1 -1
-2 1231: -1 -1 -1 -1
-2 1232: -1 -1 -1 -1
-2 1233: -1 -1 -1 -1
-2 1234: -1 -1 -1 -1
-2 1235: -1 -1 -1 -1
-2 1236: -1 -1 -1 -1
-2 1237: -1 -1 -1 -1
-2 1238: -1 -1 -1 -1
-2 1239: -1 -1 -1 -1
-2 1240: -1 -1 -1 -1
-1 1195: -1 -1 -1 -1
-1 1196: -1 -1 -1 -1
-1 1197: -1 -1 -1 -1
-1 1198: -1 -1 -1 -1
-1 1199: -1 -1 -1 -1
-1 1200: -1 -1 -1 -1
-1 1201: -1 -1 -1 -1
-1 1202: -1 -1 -1 -1
-1 1203: -1 -1 -1 -1
-1 1204: -1 -1 -1 -1
-1 1205: -1 -1 -1 -1
-1 1206: -1 -1 -1 -1
-1 1207: -1 -1 -1 -1
-1 1208: -1 -1 -1 -1
-1 1209: -1 -1 -1 -1
-1 1210: -1 -1 -1 -1
-1 1211: -1 -1 -1 -1
-1 1212: -1 -1 -1 -1
-1 1213: -1 -1 -1 -1
-1 1214: -1 -1 -1 -1
-1 1215: -1 -1 -1 -1
-1 1216: -1 -1 -1 -1
-1 1217: -1 -1 -1 -1
-1 1218: 0 0 0 0
-1 1219: 0 0 0 0
-1 1220: 0 0 0 0
-1 1221: -1 -1 -1 -1
-1 1222: -1 -1 -1 -1
-1 1223: -1 -1 -1 -1
-1 1224: -1 -1 -1 -1
-1 1225: -1 -1 -1 -1
-1 1226: -1 -1 -1 -1
-1 1227: -1 -1 -1 -1
-1 1228: -1 -1 -1 -1
-1 1229: -1 -1 -1 -1
-1 1230: -1 -1 -1 -1
-1 1231: -1 -1 -1 -1
-1 1232: -1 -1 -1 -1
-1 1233: -1 -1 -1 -1
-1 1234: -1 -1 -1 -1
-1 1235: -1 -1 -1 -1
-1 1236: -1 -1 -1 -1
-1 1237: -1 -1 -1 -1
-1 1238: -1 -1 -1 -1
-1 1239: -1 -1 -1 -1
-1 1240: -1 -1 -1 -1
0 1195: -1 -1 -1 -1
0 1196: -1 -1 -1 -1
0 1197: -1 -1 -1 -1
0 1198: -1 -1 -1 -1
0 1199: -1 -1 -1 -1
0 1200: -1 -1 -1 -1
0 1201: -1 -1 -1 -1
0 1202: -1 -1 -1 -1
0 1203: -1 -1 -1 -1
0 1204: -1 -1 -1 -1
0 1205: -1 -1 -1 -1
0 1206: -1 -1 -1 -1
0 1207: -1 -1 -1 -1
0 1208: -1 -1 -1 -1
0 1209: -1 -1 -1 -1
0 1210: -1 -1 -1 -1
0 1211: -1 -1 -1 -1
0 1212: -1 -1 -1 -1
0 1213: -1 -1 -1 -1
0 1214: -1 -1 -1 -1
0 1215: -1 -1 -1 -1
0 1216: -1 -1 -1 -1
0 1217: -1 -1 -1 -1
0 1218: -1 -1 -1 -1
0 1219: -1 -1 -1 -1
0 1220: -1 -1 -1 -1
0 1221: -1 -1 -1 -1
0 1222: -1 -1 -1 -1
0 1223: -1 -1 -1 -1
0 1224: -1 -1 -1 -1
0 1225: -1 -1 -1 -1
0 1226: -1 -1 -1 -1
0 1227: -1 -1 -1 -1
0 1228: -1 -1 -1 -1
0 1229: -1 -1 -1 -1
0 1230: -1 -1 -1 -1
0 1231: -1 -1 -1 -1
0 1232: -1 -1 -1 -1
0 1233: -1 -1 -1 -1
0 1234: -1 -1 -1 -1
0 1235: -1 -1 -1 -1
0 1236: -1 -1 -1 -1
0 1237: -1 -1 -1 -1
0 1238: -1 -1 -1 -1
0 1239: -1 -1 -1 -1
0 1240: -1 -1 -1 -1
1 1195: -1 -1 -1 -1
1 1196: -1 -1 -1 -1
1 1197: -1 -1 -1 -1
1 1198: -1 -1 -1 -1
1 1199: -1 -1 -1 -1
1 1200: -1 -1 -1 -1
1 1201: -1 -1 -1 -1
1 1202: -1 -1 -1 -1
1 1203: -1 -1 -1 -1
1 1204: -1 -1 -1 -1
1 1205: -1 -1 -1 -1
1 1206: -1 -1 -1 -1
1 1207: -1 -1 -1 -1
1 1208: -1 -1 -1 -1
1 1209: -1 -1 -1 -1
1 1210: -1 -1 -1 -1
1 1211: -1 -1 -1 -1
1 1212: -1 -1 -1 -1
1 1213: -1 -1 -1 -1
1 1214: -1 -1 -1 -1
1 1215: -1 -1 -1 -1
1 1216: -1 -1 -1 -1
1 1217: -1 -1 -1 -1
1 1218: -1 -1 -1 -1
1 1219: -1 -1 -1 -1
1 1220: -1 -1 -1 -1
1 1221: -1 -1 -1 -1
1 1222: -1 -1 -1 -1
1 1223: -1 -1 -1 -1
1 1224: -1 -1 -1 -1
1 1225: -1 -1 -1 -1
1 1226: -1 -1 -1 -1
1 1227: -1 -1 -1 -1
1 1228: -1 -1 -1 -1
1 1229: -1 -1 -1 -1
1 1230: -1 -1 -1 -1
1 1231: -1 -1 -1 -1
1 1232: -1 -1 -1 -1
1 1233: -1 -1 -1 -1
1 1234: -1 -1 -1 -1
1 1235: -1 -1 -1 -1
1 1236: -1 -1 -1 -1
1 1237: -1 -1 -1 -1
1 1238: -1 -1 -1 -1
1 1239: -1 -1 -1 -1
1 1240: -1 -1 -1 -1
2 1195: -1 -1 -1 -1
2 1196: -1 -1 -1 -1
2 1197: -1 -1 -1 -1
2 1198: -1 -1 -1 -1
2 1199: -1 -1 -1 -1
2 1200: -1 -1 -1 -1
2 1201: -1 -1 -1 -1
2 1202: -1 -1 -1 -1
2 1203: -1 -1 -1 -1
2 1204: -1 -1 -1 -1
2 1205: -1 -1 -1 -1
2 1206: -1 -1 -1 -1
2 1207: -1 -1 -1 -1
2 1208: -1 -1 -1 -1
2 1209: -1 -1 -1 -1
2 1210: -1 -1 -1 -1
2 1211: -1 -1 -1 -1
2 1212: -1 -1 -1 -1
2 1213: -1 -1 -1 -1
2 1214: -1 -1 -1 -1
2 1215: -1 -1 -1 -1
2 1216: -1 -1 -1 -1
2 1217: -1 -1 -1 -1
2 1218: -1 -1 -1 -1
2 1219: -1 -1 -1 -1
2 1220: -1 -1 -1 -1
2 1221: -1 -1 -1 -1
2 1222: -1 -1 -1 -1
2 1223: -1 -1 -1 -1
2 1224: -1 -1 -1 -1
2 1225: -1 -1 -1 -1
2 1226: -1 -1 -1 -1
2 1227: -1 -1 -1 -1
2 1228: -1 -1 -1 -1
2 1229: -1 -1 -1 -1
2 1230: -1 -1 -1 -1
2 1231: -1 -1 -1 -1
2 1232: -1 -1 -1 -1
2 1233: -1 -1 -1 -1
2 1234: -1 -1 -1 -1
2 1235: -1 -1 -1 -1
2 1236: -1 -1 -1 -1
2 1237: -1 -1 -1 -1
2 1238: -1 -1 -1 -1
2 1239: -1 -1 -1 -1
2 1240: -1 -1 -1 -1
3 1195: -1 -1 -1 -1
3 1196: -1 -1 -1 -1
3 1197: -1 -1 -1 -1
3 1198: -1 -1 -1 -1
3 1199: -1 -1 -1 -1
3 1200: -1 -1 -1 -1
3 1201: -1 -1 -1 -1
3 1202: -1 -1 -1 -1
3 1203: -1 -1 -1 -1
3 1204: -1 -1 -1 -1
3 1205: -1 -1 -1 -1
3 1206: -1 -1 -1 -1
3 1207: -1 -1 -1 -1
3 1208: -1 -1 -1 -1
3 1209: -1 -1 -1 -1
3 1210: -1 -1 -1 -1
3 1211: -1 -1 -1 -1
3 1212: -1 -1 -1 -1
3 1213: -1 -1 -1 -1
3 1214: -1 -1 -1 -1
3 1215: -1 -1 -1 -1
3 1216: -1 -1 -1 -1
3 1217: -1 -1 -1 -1
3 1218: -1 -1 -1 -1
3 1219: -1 -1 -1 -1
3 1220: -1 -1 -1 -1
3 1221: -1 -1 -1 -1
3 1222: -1 -1 -1 -1
3 1223: -1 -1 -1 -1
3 1224: -1 -1 -1 -1
3 1225: -1 -1 -1 -1
3 1226: -1 -1 -1 -1
3 1227: -1 -1 -1 -1
3 1228: -1 -1 -1 -1
3 1229: -1 -1 -1 -1
3 1230: -1 -1 -1 -1
3 1231: -1 -1 -1 -1
3 1232: -1 -1 -1 -1
3 1233: -1 -1 -1 -1
3 1234: -1 -1 -1 -1
3 1235: -1 -1 -1 -1
3 1236: -1 -1 -1 -1
3 1237: -1 -1 -1 -1
3 1238: -1 -1 -1 -1
3 1239: -1 -1 -1 -1
3 1240: -1 -1 -1 -1
4 1195: -1 -1 -1 -1
4 1196: -1 -1 -1 -1
4 1197: -1 -1 -1 -1
4 1198: -1 -1 -1 -1
4 1199: -1 -1 -1 -1
4 1200: -1 -1 -1 -1
4 1201: -1 -1 -1 -1
4 1202: -1 -1 -1 -1
4 1203: -1 -1 -1 -1
4 1204: -1 -1 -1 -1
4 1205: -1 -1 -1 -1
4 1206: -1 -1 -1 -1
4 1207: -1 -1 -1 -1
4 1208: -1 -1 -1 -1
4 1209: -1 -1 -1 -1
4 1210: -1 -1 -1 -1
4 1211: -1 -1 -1 -1
4 1212: -1 -1 -1 -1
4 1213: -1 -1 -1 -1
4 1214: -1 -1 -1 -1
4 1215: -1 -1 -1 -1
4 1216: -1 -1 -1 -1
4 1217: -1 -1 -1 -1
4 1218: -1 -1 -1 -1
4 1219: -1 -1 -1 -1
4 1220: -1 -1 -1 -1
4 1221: -1 -1 -1 -1
4 1222: -1 -1 -1 -1
4 1223: -1 -1 -1 -1
4 1224: -1 -1 -1 -1
4 1225: -1 -1 -1 -1
4 1226: -1 -1 -1 -1
4 1227: -1 -1 -1 -1
4 1228: -1 -1 -1 -1
4 1229: -1 -1 -1 -1
4 1230: -1 -1 -1 -1
4 1231: -1 -1 -1 -1
4 1232: -1 -1 -1 -1
4 1233: -1 -1 -1 -1
4 1234: -1 -1 -1 -1
4 1235: -1 -1 -1 -1
4 1236: -1 -1 -1 -1
4 1237: -1 -1 -1 -1
4 1238: -1 -1 -1 -1
4 1239: -1 -1 -1 -1
4 1240: -1 -1 -1 -1
5 1195: -1 -1 -1 -1
5 1196: -1 -1 -1 -1
5 1197: -1 -1 -1 -1
5 1198: -1 -1 -1 -1
5 1199: -1 -1 -1 -1
5 1200: -1 -1 -1 -1
5 1201: -1 -1 -1 -1
5 1202: -1 -1 -1 -1
5 1203: -1 -1 -1 -1
5 1204: -1 -1 -1 -1
5 1205: -1 -1 -1 -1
5 1206: -1 -1 -1 -1
5 1207: -1 -1 -1 -1
5 1208: -1 -1 -1 -1
5 1209: -1 -1 -1 -1
5 1210: -1 -1 -1 -1
5 1211: -1 -1 -1 -1
5 1212: -1 -1 -1 -1
5 1213: -1 -1 -1 -1
5 1214: -1 -1 -1 -1
5 1215: -1 -1 -1 -1
5 1216: -1 -1 -1 -1
5 1217: 0 0 0 0
5 1218: 0 0 0 0
5 1219: 1 1 1 1
5 1220: 0 0 0 0
5 1221: 0 0 0 0
5 1222: -1 -1 -1 -1
5 1223: -1 -1 -1 -1
5 1224: -1 -1 -1 -1
5 1225: -1 -1 -1 -1
5 1226: -1 -1 -1 -1
5 1227: -1 -1 -1 -1
5 1228: -1 -1 -1 -1
5 1229: -1 -1 -1 -1
5 1230: -1 -1 -1 -1
5 1231: -1 -1 -1 -1
5 1232: -1 -1 -1 -1
5 1233: -1 -1 -1 -1
5 1234: -1 -1 -1 -1
5 1235: -1 -1 -1 -1
5 1236: -1 -1 -1 -1
5 1237: -1 -1 -1 -1
5 1238: -1 -1 -1 -1
5 1239: -1 -1 -1 -1
5 1240: -1 -1 -1 -1
6 1195: -1 -1 -1 -1
6 1196: -1 -1 -1 -1
6 1197: -1 -1 -1 -1
6 1198: -1 -1 -1 -1
6 1199: -1 -1 -1 -1
6 1200: -1 -1 -1 -1
6 1201: -1 -1 -1 -1
6 1202: -1 -1 -1 -1
6 1203: -1 -1 -1 -1
6 1204: -1 -1 -1 -1
6 1205: -1 -1 -1 -1
6 1206: -1 -1 -1 -1
6 1207: -1 -1 -1 -1
6 1208: -1 -1 -1 -1
6 1209: -1 -1 -1 -1
6 1210: -1 -1 -1 -1
6 1211: -1 -1 -1 -1
6 1212: -1 -1 -1 -1
6 1213: -1 -1 -1 -1
6 1214: -1 -1 -1 -1
6 1215: 0 0 0 0
6 1216: 0 0 0 0
6 1217: 1 1 1 1
6 1218: 1 1 1 1
6 1219: 1 1 1 1
6 1220: 1 1 1 1
6 1221: 1 1 1 1
6 1222: 0 0 0 0
6 1223: 0 0 0 0
6 1224: -1 -1 -1 -1
6 1225: -1 -1 -1 -1
6 1226: -1 -1 -1 -1
6 1227: -1 -1 -1 -1
6 1228: -1 -1 -1 -1
6 1229: -1 -1 -1 -1
6 1230: -1 -1 -1 -1
6 1231: -1 -1 -1 -1
6 1232: -1 -1 -1 -1
6 1233: -1 -1 -1 -1
6 1234: -1 -1 -1 -1
6 1235: -1 -1 -1 -1
6 1236: -1 -1 -1 -1
6 1237: -1 -1 -1 -1
6 1238: -1 -1 -1 -1
6 1239: -1 -1 -1 -1
6 1240: -1 -1 -1 -1
7 1195: -1 -1 -1 -1
7 1196: -1 -1 -1 -1
7 1197: -1 -1 -1 -1
7 1198: -1 -1 -1 -1
7 1199: -1 -1 -1 -1
7 1200: -1 -1 -1 -1
7 1201: -1 -1 -1 -1
7 1202: -1 -1 -1 -1
7 1203: -1 -1 -1 -1
7 1204: -1 -1 -1 -1
7 1205: -1 -1 -1 -1
7 1206: -1 -1 -1 -1
7 1207: -1 -1 -1 -1
7 1208: -1 -1 -1 -1
7 1209: -1 -1 -1 -1
7 1210: -1 -1 -1 -1
7 1211: -1 -1 -1 -1
7 1212: -1 -1 -1 -1
7 1213: 0 0 0 0
7 1214: 0 0 0 0
7 1215: 1 1 1 1
7 1216: 1 1 1 1
7 1217: 1 1 1 1
7 1218: 1 1 1 1
7 1219: 1 1 1 1
7 1220: 1 1 1 1
7 1221: 1 1 1 1
7 1222: 1 1 1 1
7 1223: 1 1 1 1
7 1224: 0 0 0 0
7 1225: 0 0 0 0
7 1226: -1 -1 -1 -1
7 1227: -1 -1 -1 -1
7 1228: -1 -1 -1 -1
7 1229: -1 -1 -1 -1
7 1230: -1 -1 -1 -1
7 1231: -1 -1 -1 -1
7 1232: -1 -1 -1 -1
7 1233: -1 -1 -1 -1
7 1234: -1 -1 -1 -1
7 1235: -1 -1 -1 -1
7 1236: -1 -1 -1 -1
7 1237: -1 -1 -1 -1
7 1238: -1 -1 -1 -1
7 1239: -1 -1 -1 -1
7 1240: -1 -1 -1 -1
8 1195: -1 -1 -1 -1
8 1196: -1 -1 -1 -1
8 1197: -1 -1 -1 -1
8 1198: -1 -1 -1 -1
8 1199: -1 -1 -1 -1
8 1200: -1 -1 -1 -1
8 1201: -1 -1 -1 -1
8 1202: -1 -1 -1 -1
8 1203: -1 -1 -1 -1
8 1204: -1 -1 -1 -1
8 1205: -1 -1 -1 -1
8 1206: -1 -1 -1 -1
8 1207: -1 -1 -1 -1
8 1208: -1 -1 -1 -1
8 1209: -1 -1 -1 -1
8 1210: -1 -1 -1 -1
8 1211: 0 0 0 0
8 1212: 0 0 0 0
8 1213: 1 1 1 1
8 1214: 1 1 1 1
8 1215: 1 1 1 1
8 1216: 1 1 1 1
8 1217: 1 1 1 1
8 1218: 1 1 1 1
8 1219: 1 1 1 1
8 1220: 1 1 1 1
8 1221: 1 1 1 1
8 1222: 1 1 1 1
8 1223: 1 1 1 1
8 1224: 1 1 1 1
8 1225: 1 1 1 1
8 1226: 0 0 0 0
8 1227: 0 0 0 0
8 1228: -1 -1 -1 -1
8 1229: -1 -1 -1 -1
8 1230: -1 -1 -1 -1
8 1231: -1 -1 -1 -1
8 1232: -1 -1 -1 -1
8 1233: -1 -1 -1 -1
8 1234: -1 -1 -1 -1
8 1235: -1 -1 -1 -1
8 1236: -1 -1 -1 -1
8 1237: -1 -1 -1 -1
8 1238: -1 -1 -1 -1
8 1239: -1 -1 -1 -1
8 1240: -1 -1 -1 -1
9 1195: -1 -1 -1 -1
9 1196: -1 -1 -1 -1
9 1197: -1 -1 -1 -1
9 1198: -1 -1 -1 -1
9 1199: -1 -1 -1 -1
9 1200: -1 -1 -1 -1
9 1201: -1 -1 -1 -1
9 1202: -1 -1 -1 -1
9 1203: -1 -1 -1 -1
9 1204: -1 -1 -1 -1
9 1205: -1 -1 -1 -1
9 1206: -1 -1 -1 -1
9 1207: -1 -1 -1 -1
9 1208: -1 -1 -1 -1
9 1209: 0 0 0 0
9 1210: 0 0 0 0
9 1211: 1 1 1 1
9 1212: 1 1 1 1
9 1213: 1 1 1 1
9 1214: 1 1 1 1
9 1215: 1 1 1 1
9 1216: 1 1 1 1
9 1217: 1 1 1 1
9 1218: 1 1 1 1
9 1219: 1 1 1 1
9 1220: 1 1 1 1
9 1221: 1 1 1 1
9 1222: 1 1 1 1
9 1223: 1 1 1 1
9 1224: 1 1 1 1
9 1225: 1 1 1 1
9 1226: 1 1 1 1
9 1227: 1 1 1 1
9 1228: 0 0 0 0
9 1229: 0 0 0 0
9 1230: -1 -1 -1 -1
9 1231: -1 -1 -1 -1
9 1232: -1 -1 -1 -1
9 1233: -1 -1 -1 -1
9 1234: -1 -1 -1 -1
9 1235: -1 -1 -1 -1
9 1236: -1 -1 -1 -1
9 1237: -1 -1 -1 -1
9 1238: -1 -1 -1 -1
9 1239: -1 -1 -1 -1
9 1240: -1 -1 -1 -1
10 1195: -1 -1 -1 -1
10 1196: -1 -1 -1 -1
10 1197: -1 -1 -1 -1
10 1198: -1 -1 -1 -1
10 1199: -1 -1 -1 -1
10 1200: -1 -1 -1 -1
10 1201: -1 -1 -1 -1
10 1202: -1 -1 -1 -1
10 1203: -1 -1 -1 -1
10 1204: -1 -1 -1 -1
10 1205: -1 -1 -1 -1
10 1206: -1 -1 -1 -1
10 1207: 0 0 0 0
10 1208: 0 0 0 0
10 1209: 1 1 1 1
10 1210: 1 1 1 1
10 1211: 1 1 1 1
10 1212: 1 1 1 1
10 1213: 1 1 1 1
10 1214: 1 1 1 1
10 1215: 1 1 1 1
10 1216: 1 1 1 1
10 1217: 1 1 1 1
10 1218: 1 1 1 1
10 1219: 1 1 1 1
10 1220: 1 1 1 1
10 1221: 1 1 1 1
10 1222: 1 1 1 1
10 1223: 1 1 1 1
10 1224: 1 1 1 1
10 1225: 1 1 1 1
10 1226: 1 1 1 1
10 1227: 1 1 1 1
10 1228: 1 1 1 1
10 1229: 1 1 1 1
10 1230: 0 0 0 0
10 1231: 0 0 0 0
10 1232: -1 -1 -1 -1
10 1233: -1 -1 -1 -1
10 1234: -1 -1 -1 -1
10 1235: -1 -1 -1 -1
10 1236: -1 -1 -1 -1
10 1237: -1 -1 -1 -1
10 1238: -1 -1 -1 -1
10 1239: -1 -1 -1 -1
10 1240: -1 -1 -1 -1
11 1195: -1 -1 -1 -1
11 1196: -1 -1 -1 -1
11 1197: -1 -1 -1 -1
11 1198: -1 -1 -1 -1
11 1199: -1 -1 -1 -1
11 1200: -1 -1 -1 -1
11 1201: -1 -1 -1 -1
11 1202: -1 -1 -1 -1
11 1203: -1 -1 -1 -1
11 1204: -1 -1 -1 -1
11 1205: 0 0 0 0
11 1206: 0 0 0 0
11 1207: 1 1 1 1
11 1208: 1 1 1 1
11 1209: 1 1 1 1
11 1210: 1 1 1 1
11 1211: 1 1 1 1
11 1212: 1 1 1 1
11 1213: 1 1 1 1
11 1214: 1 1 1 1
11 1215: 1 1 1 1
11 1216: 1 1 1 1
11 1217: 1 1 1 1
11 1218: 1 1 1 1
11 1219: 1 1 1 1
11 1220: 1 1 1 1
11 1221: 1 1 1 1
11 1222: 1 1 1 1
11 1223: 1 1 1 1
11 1224: 2 1 1 1
11 1225: 1 1 1 1
11 1226: 1 1 1 1
11 1227: 1 1 1 1
11 1228: 1 1 1 1
11 1229: 1 1 1 1
11 1230: 1 1 1 1
11 1231: 1 1 1 1
11 1232: 0 0 0 0
11 1233: 0 0 0 0
11 1234: -1 -1 -1 -1
11 1235: -1 -1 -1 -1
11 1236: -1 -1 -1 -1
11 1237: -1 -1 -1 -1
11 1238: -1 -1 -1 -1
11 1239: -1 -1 -1 -1
11 1240: -1 -1 -1 -1
12 1195: -1 -1 -1 -1
12 1196: -1 -1 -1 -1
12 1197: -1 -1 -1 -1
12 1198: -1 -1 -1 -1
12 1199: -1 -1 -1 -1
12 1200: -1 -1 -1 -1
12 1201: -1 -1 -1 -1
12 1202: -1 -1 -1 -1
12 1203: 0 0 0 0
12 1204: 0 0 0 0
12 1205: 1 1 1 1
12 1206: 1 1 1 1
12 1207: 1 1 1 1
12 1208: 1 1 1 1
12 1209: 1 1 1 1
12 1210: 1 1 1 1
12 1211: 1 1 1 1
12 1212: 1 1 1 1
12 1213: 1 1 1 1
12 1214: 1 1 1 1
12 1215: 1 1 1 1
12 1216: 1 1 1 1
12 1217: 1 1 1 1
12 1218: 1 1 1 1
12 1219: 1 1 1 1
12 1220: 1 1 1 1
12 1221: 1 1 1 1
12 1222: 1 1 1 1
12 1223: 1 1 1 1
12 1224: 1 1 1 1
12 1225: 1 1 1 1
12 1226: 1 1 1 1
12 1227: 1 1 1 1
12 1228: 1 1 1 1
12 1229: 1 1 1 1
12 1230: 1 1 1 1
12 1231: 1 1 1 1
12 1232: 1 1 1 1
12 1233: 1 1 1 1
12 1234: 0 0 0 0
12 1235: 0 0 0 0
12 1236: -1 -1 -1 -1
12 1237: -1 -1 -1 -1
12 1238: -1 -1 -1 -1
12 1239: -1 -1 -1 -1
12 1240: -1 -1 -1 -1
13 1195: -1 -1 -1 -1
13 1196: -1 -1 -1 -1
13 1197: -1 -1 -1 -1
13 1198: -1 -1 -1 -1
13 1199: -1 -1 -1 -1
13 1200: -1 -1 -1 -1
13 1201: 0 0 0 0
13 1202: 0 0 0 0
13 1203: 1 1 1 1
13 1204: 1 1 1 1
13 1205: 1 1 1 1
13 1206: 1 1 1 1
13 1207: 1 1 1 1
13 1208: 1 1 1 1
13 1209: 1 1 1 1
13 1210: 1 1 1 1
13 1211: 1 1 1 1
13 1212: 1 1 1 1
13 1213: 1 1 1 1
13 1214: 1 1 1 1
13 1215: 1 1 1 1
13 1216: 1 1 1 1
13 1217: 1 1 1 1
13 1218: 1 1 1 1
13 1219: 1 1 1 1
13 1220: 1 1 1 1
13 1221: 1 1 1 1
13 1222: 1 1 1 1
13 1223: 1 1 1 1
13 1224: 1 1 1 1
13 1225: 1 1 1 1
13 1226: 1 1 1 1
13 1227: 1 1 1 1
13 1228: 1 1 1 1
13 1229: 1 1 1 1
13 1230: 1 1 1 1
13 1231: 1 1 1 1
13 1232: 1 1 1 1
13 1233: 1 1 1 1
13 1234: 1 1 1 1
13 1235: 1 1 1 1
13 1236: 0 0 0 0
13 1237: 0 0 0 0
13 1238: -1 -1 -1 -1
13 1239: -1 -1 -1 -1
13 1240: -1 -1 -1 -1
14 1195: -1 -1 -1 -1
14 1196: -1 -1 -1 -1
14 1197: -1 -1 -1 -1
14 1198: -1 -1 -1 -1
14 1199: -1 -1 -1 -1
14 1200: 0 0 0 0
14 1201: 1 1 1 1
14 1202: 1 1 1 1
14 1203: 1 1 1 1
14 1204: 1 1 1 1
14 1205: 1 1 1 1
14 1206: 1 1 1 1
14 1207: 1 1 1 1
14 1208: 1 1 1 1
14 1209: 1 1 1 1
14 1210: 1 1 1 1
14 1211: 1 1 1 1
14 1212: 1 1 1 1
14 1213: 1 1 1 1
14 1214: 1 1 1 1
14 1215: 1 1 1 1
14 1216: 1 1 1 1
14 1217: 1 1 1 1
14 1218: 1 1 1 1
14 1219: 1 1 1 1
14 1220: 1 1 1 1
14 1221: 1 1 1 1
14 1222: 1 1 1 1
14 1223: 1 1 1 1
14 1224: 1 1 1 1
14 1225: 1 1 1 1
14 1226: 1 1 1 1
14 1227: 1 1 1 1
14 1228: 1 1 1 1
14 1229: 1 1 1 1
14 1230: 1 1 1 1
14 1231: 1 1 1 1
14 1232: 1 1 1 1
14 1233: 1 1 1 1
14 1234: 1 1 1 1
14 1235: 1 1 1 1
14 1236: 1 1 1 1
14 1237: 1 1 1 1
14 1238: 0 0 0 0
14 1239: 0 0 0 0
14 1240: -1 -1 -1 -1
15 1195: -1 -1 -1 -1
15 1196: -1 -1 -1 -1
15 1197: -1 -1 -1 -1
15 1198: -1 -1 -1 -1
15 1199: -1 -1 -1 -1
15 1200: 1 1 1 1
15 1201: 1 1 1 1
15 1202: 1 1 1 1
15 1203: 1 1 1 1
15 1204: 1 1 1 1
15 1205: 1 1 1 1
15 1206: 1 1 1 1
15 1207: 1 1 1 1
15 1208: 1 1 1 1
15 1209: 1 1 1 1
15 1210: 1 1 1 1
15 1211: 1 1 1 1
15 1212: 1 1 1 1
15 1213: 1 1 1 1
15 1214: 1 1 1 1
15 1215: 1 1 1 1
15 1216: 1 1 1 1
15 1217: 1 1 1 1
15 1218: 1 1 1 1
15 1219: 1 1 1 1
15 1220: 1 1 1 1
15 1221: 1 1 1 1
15 1222: 1 1 1 1
15 1223: 1 1 1 1
15 1224: 1 1 1 1
15 1225: 1 1 1 1
15 1226: 1 1 1 1
15 1227: 1 1 1 1
15 1228: 1 1 1 1
15 1229: 1 1 1 1
15 1230: 1 1 1 1
15 1231: 1 1 1 1
15 1232: 1 1 1 1
15 1233: 1 1 1 1
15 1234: 1 1 1 1
15 1235: 1 1 1 1
15 1236: 1 1 1 1
15 1237: 1 1 1 1
15 1238: 1 1 1 1
15 1239: 0 0 0 0
15 1240: 0 0 0 0
16 1195: -1 -1 -1 -1
16 1196: -1 -1 -1 -1
16 1197: -1 -1 -1 -1
16 1198: -1 -1 -1 -1
16 1199: -1 -1 -1 -1
16 1200: 1 1 1 1
16 1201: 1 1 1 1
16 1202: 1 1 1 1
16 1203: 1 1 1 1
16 1204: 1 1 1 1
16 1205: 1 1 1 1
16 1206: 1 1 1 1
16 1207: 1 1 1 1
16 1208: 1 1 1 1
16 1209: 1 1 1 1
16 1210: 1 1 1 1
16 1211: 1 1 1 1
16 1212: 1 1 1 1
16 1213: 1 1 1 1
16 1214: 1 1 1 1
16 1215: 1 1 1 1
16 1216: 1 1 1 1
16 1217: 1 1 1 1
16 1218: 1 1 1 1
16 1219: 1 1 1 1
16 1220: 1 1 1 1
16 1221: 1 1 1 1
16 1222: 1 1 1 1
16 1223: 1 1 1 1
16 1224: 1 1 1 1
16 1225: 1 1 1 1
16 1226: 1 1 1 1
16 1227: 1 1 1 1
16 1228: 1 1 1 1
16 1229: 1 1 1 1
16 1230: 1 1 1 1
16 1231: 1 1 1 1
16 1232: 1 1 1 1
16 1233: 1 1 1 1
16 1234: 1 1 1 1
16 1235: 1 1 1 1
16 1236: 1 1 1 1
16 1237: 1 1 1 1
16 1238: 1 1 1 1
16 1239: 0 0 0 0
16 1240: 0 0 0 0
17 1195: -1 -1 -1 -1
17 1196: -1 -1 -1 -1
17 1197: -1 -1 -1 -1
17 1198: -1 -1 -1 -1
17 1199: -1 -1 -1 -1
17 1200: 0 0 0 0
17 1201: 0 0 0 0
17 1202: 1 1 1 1
17 1203: 1 1 1 1
17 1204: 1 1 1 1
17 1205: 1 1 1 1
17 1206: 1 1 1 1
17 1207: 1 1 1 1
17 1208: 1 1 1 1
17 1209: 1 1 1 1
17 1210: 1 1 1 1
17 1211: 1 1 1 1
17 1212: 1 1 1 1
17 1213: 1 1 1 1
17 1214: 1 1 1 1
17 1215: 1 1 1 1
17 1216: 1 1 1 1
17 1217: 1 1 1 1
17 1218: 1 1 1 1
17 1219: 1 1 1 1
17 1220: 1 1 1 1
17 1221: 1 1 1 1
17 1222: 1 1 1 1
17 1223: 1 1 1 1
17 1224: 1 1 1 1
17 1225: 1 1 1 1
17 1226: 1 1 1 1
17 1227: 1 1 1 1
17 1228: 1 1 1 1
17 1229: 1 1 1 1
17 1230: 1 1 1 1
17 1231: 1 1 1 1
17 1232: 1 1 1 1
17 1233: 1 1 1 1
17 1234: 1 1 1 1
17 1235: 1 1 1 1
17 1236: 1 1 1 1
17 1237: 0 0 0 0
17 1238: 0 0 0 0
17 1239: -1 -1 -1 -1
17 1240: -1 -1 -1 -1
18 1195: -1 -1 -1 -1
18 1196: -1 -1 -1 -1
18 1197: -1 -1 -1 -1
18 1198: -1 -1 -1 -1
18 1199: -1 -1 -1 -1
18 1200: -1 -1 -1 -1
18 1201: -1 -1 -1 -1
18 1202: 0 0 0 0
18 1203: 0 0 0 0
18 1204: 1 1 1 1
18 1205: 1 1 1 1
18 1206: 1 1 1 1
18 1207: 1 1 1 1
18 1208: 1 1 1 1
18 1209: 1 1 1 1
18 1210: 1 1 1 1
18 1211: 1 1 1 1
18 1212: 1 1 1 1
18 1213: 1 1 1 1
18 1214: 1 1 1 1
18 1215: 1 1 1 1
18 1216: 1 1 1 1
18 1217: 1 1 1 1
18 1218: 1 1 1 1
18 1219: 1 1 1 1
18 1220: 1 1 1 1
18 1221: 1 1 1 1
18 1222: 1 1 1 1
18 1223: 1 1 1 1
18 1224: 1 1 1 1
18 1225: 1 1 1 1
18 1226: 1 1 1 1
18 1227: 1 1 1 1
18 1228: 1 1 1 1
18 1229: 1 1 1 1
18 1230: 1 1 1 1
18 1231: 1 1 1 1
18 1232: 1 1 1 1
18 1233: 1 1 1 1
18 1234: 1 1 1 1
18 1235: 0 0 0 0
18 1236: 0 0 0 0
18 1237: -1 -1 -1 -1
18 1238: -1 -1 -1 -1
18 1239: -1 -1 -1 -1
18 1240: -1 -1 -1 -1
19 1195: -1 -1 -1 -1
19 1196: -1 -1 -1 -1
19 1197: -1 -1 -1 -1
19 1198: -1 -1 -1 -1
19 1199: -1 -1 -1 -1
19 1200: -1 -1 -1 -1
19 1201: -1 -1 -1 -1
19 1202: -1 -1 -1 -1
19 1203: -1 -1 -1 -1
19 1204: 0 0 0 0
19 1205: 0 0 0 0
19 1206: 1 1 1 1
19 1207: 1 1 1 1
19 1208: 1 1 1 1
19 1209: 1 1 1 1
19 1210: 1 1 3 1
19 1211: 1 1 1 1
19 1212: 1 1 1 1
19 1213: 1 1 1 1
19 1214: 1 1 1 1
19 1215: 1 1 1 1
19 1216: 1 1 1 1
19 1217: 1 1 1 1
19 1218: 1 1 1 1
19 1219: 1 1 1 1
19 1220: 1 1 1 1
19 1221: 1 1 1 1
19 1222: 1 1 1 1
19 1223: 1 1 1 1
19 1224: 1 1 1 1
19 1225: 1 1 1 1
19 1226: 1 1 1 1
19 1227: 1 1 1 1
19 1228: 1 1 1 1
19 1229: 1 1 1 1
19 1230: 1 1 1 1
19 1231: 1 1 1 1
19 1232: 1 1 1 1
19 1233: 0 0 0 0
19 1234: 0 0 0 0
19 1235: -1 -1 -1 -1
19 1236: -1 -1 -1 -1
19 1237: -1 -1 -1 -1
19 1238: -1 -1 -1 -1
19 1239: -1 -1 -1 -1
19 1240: -1 -1 -1 -1
20 1195: -1 -1 -1 -1
20 1196: -1 -1 -1 -1
20 1197: -1 -1 -1 -1
20 1198: -1 -1 -1 -1
20 1199: -1 -1 -1 -1
20 1200: -1 -1 -1 -1
20 1201: -1 -1 -1 -1
20 1202: -1 -1 -1 -1
20 1203: -1 -1 -1 -1
20 1204: -1 -1 -1 -1
20 1205: -1 -1 -1 -1
20 1206: 0 0 0 0
20 1207: 0 0 0 0
20 1208: 1 1 1 1
20 1209: 1 1 1 1
20 1210: 1 1 1 1
20 1211: 1 1 1 1
20 1212: 1 1 1 1
20 1213: 1 1 1 1
20 1214: 1 1 1 1
20 1215: 1 1 1 1
20 1216: 1 1 1 1
20 1217: 1 1 1 1
20 1218: 1 1 1 1
20 1219: 1 1 1 1
20 1220: 1 1 1 1
20 1221: 1 1 1 1
20 1222: 1 1 1 1
20 1223: 1 1 1 1
20 1224: 1 1 1 1
20 1225: 1 1 1 1
20 1226: 1 1 1 1
20 1227: 1 1 1 1
20 1228: 1 1 1 1
20 1229: 1 1 1 1
20 1230: 1 1 1 1
20 1231: 0 0 0 0
20 1232: 0 0 0 0
20 1233: -1 -1 -1 -1
20 1234: -1 -1 -1 -1
20 1235: -1 -1 -1 -1
20 1236: -1 -1 -1 -1
20 1237: -1 -1 -1 -1
20 1238: -1 -1 -1 -1
20 1239: -1 -1 -1 -1
20 1240: -1 -1 -1 -1
21 1195: -1 -1 -1 -1
21 1196: -1 -1 -1 -1
21 1197: -1 -1 -1 -1
21 1198: -1 -1 -1 -1
21 1199: -1 -1 -1 -1
21 1200: -1 -1 -1 -1
21 1201: -1 -1 -1 -1
21 1202: -1 -1 -1 -1
21 1203: -1 -1 -1 -1
21 1204: -1 -1 -1 -1
21 1205: -1 -1 -1 -1
21 1206: -1 -1 -1 -1
21 1207: -1 -1 -1 -1
21 1208: 0 0 0 0
21 1209: 0 0 0 0
21 1210: 1 1 1 1
21 1211: 1 1 1 1
21 1212: 1 1 1 1
21 1213: 1 1 1 1
21 1214: 1 1 1 1
21 1215: 1 1 1 1
21 1216: 1 1 1 1
21 1217: 1 1 1 1
21 1218: 1 1 1 1
21 1219: 1 1 1 1
21 1220: 1 1 1 1
21 1221: 1 1 1 1
21 1222: 1 1 1 1
21 1223: 1 1 1 1
21 1224: 1 1 1 1
21 1225: 1 1 1 1
21 1226: 1 1 1 1
21 1227: 1 1 1 1
21 1228: 1 1 1 1
21 1229: 0 0 0 0
21 1230: 0 0 0 0
21 1231: -1 -1 -1 -1
21 1232: -1 -1 -1 -1
21 1233: -1 -1 -1 -1
21 1234: -1 -1 -1 -1
21 1235: -1 -1 -1 -1
21 1236: -1 -1 -1 -1
21 1237: -1 -1 -1 -1
21 1238: -1 -1 -1 -1
21 1239: -1 -1 -1 -1
21 1240: -1 -1 -1 -1
22 1195: -1 -1 -1 -1
22 1196: -1 -1 -1 -1
22 1197: -1 -1 -1 -1
22 1198: -1 -1 -1 -1
22 1199: -1 -1 -1 -1
22 1200: -1 -1 -1 -1
22 1201: -1 -1 -1 -1
22 1202: -1 -1 -1 -1
22 1203: -1 -1 -1 -1
22 1204: -1 -1 -1 -1
22 1205: -1 -1 -1 -1
22 1206: -1 -1 -1 -1
22 1207: -1 -1 -1 -1
22 1208: -1 -1 -1 -1
22 1209: -1 -1 -1 -1
22 1210: 0 0 0 0
22 1211: 0 0 0 0
22 1212: 1 1 1 1
22 1213: 1 1 1 1
22 1214: 1 1 1 1
22 1215: 1 1 1 1
22 1216: 1 1 1 1
22 1217: 1 1 1 1
22 1218: 1 1 1 1
22 1219: 1 1 1 1
22 1220: 1 1 1 1
22 1221: 1 1 1 1
22 1222: 1 1 1 1
22 1223: 1 1 1 1
22 1224: 1 1 1 1
22 1225: 1 1 1 1
22 1226: 1 1 1 1
22 1227: 0 0 0 0
22 1228: 0 0 0 0
22 1229: -1 -1 -1 -1
22 1230: -1 -1 -1 -1
22 1231: -1 -1 -1 -1
22 1232: -1 -1 -1 -1
22 1233: -1 -1 -1 -1
22 1234: -1 -1 -1 -1
22 1235: -1 -1 -1 -1
22 1236: -1 -1 -1 -1
22 1237: -1 -1 -1 -1
22 1238: -1 -1 -1 -1
22 1239: -1 -1 -1 -1
22 1240: -1 -1 -1 -1
23 1195: -1 -1 -1 -1
23 1196: -1 -1 -1 -1
23 1197: -1 -1 -1 -1
23 1198: -1 -1 -1 -1
23 1199: -1 -1 -1 -1
23 1200: -1 -1 -1 -1
23 1201: -1 -1 -1 -1
23 1202: -1 -1 -1 -1
23 1203: -1 -1 -1 -1
23 1204: -1 -1 -1 -1
23 1205: -1 -1 -1 -1
23 1206: -1 -1 -1 -1
23 1207: -1 -1 -1 -1
23 1208: -1 -1 -1 -1
23 1209: -1 -1 -1 -1
23 1210: -1 -1 -1 -1
23 1211: -1 -1 -1 -1
23 1212: 0 0 0 0
23 1213: 0 0 0 0
23 1214: 1 1 1 1
23 1215: 1 1 1 1
23 1216: 1 1 1 1
23 1217: 1 1 1 1
23 1218: 1 1 1 1
23 1219: 1 1 1 1
23 1220: 1 1 1 1
23 1221: 1 1 1 1
23 1222: 1 1 1 1
23 1223: 1 1 1 1
23 1224: 1 1 1 1
23 1225: 0 0 0 0
23 1226: 0 0 0 0
23 1227: -1 -1 -1 -1
23 1228: -1 -1 -1 -1
23 1229: -1 -1 -1 -1
23 1230: -1 -1 -1 -1
23 1231: -1 -1 -1 -1
23 1232: -1 -1 -1 -1
23 1233: -1 -1 -1 -1
23 1234: -1 -1 -1 -1
23 1235: -1 -1 -1 -1
23 1236: -1 -1 -1 -1
23 1237: -1 -1 -1 -1
23 1238: -1 -1 -1 -1
23 1239: -1 -1 -1 -1
23 1240: -1 -1 -1 -1
24 1195: -1 -1 -1 -1
24 1196: -1 -1 -1 -1
24 1197: -1 -1 -1 -1
24 1198: -1 -1 -1 -1
24 1199: -1 -1 -1 -1
24 1200: -1 -1 -1 -1
24 1201: -1 -1 -1 -1
24 1202: -1 -1 -1 -1
24 1203: -1 -1 -1 -1
24 1204: -1 -1 -1 -1
24 1205: -1 -1 -1 -1
24 1206: -1 -1 -1 -1
24 1207: -1 -1 -1 -1
24 1208: -1 -1 -1 -1
24 1209: -1 -1 -1 -1
24 1210: -1 -1 -1 -1
24 1211: -1 -1 -1 -1
24 1212: -1 -1 -1 -1
24 1213: -1 -1 -1 -1
24 1214: 0 0 0 0
24 1215: 0 0 0 0
24 1216: 1 1 1 1
24 1217: 1 1 1 1
24 1218: 1 1 1 1
24 1219: 1 1 1 1
24 1220: 1 1 1 1
24 1221: 1 1 1 1
24 1222: 1 1 1 1
24 1223: 0 0 0 0
24 1224: 0 0 0 0
24 1225: -1 -1 -1 -1
24 1226: -1 -1 -1 -1
24 1227: -1 -1 -1 -1
24 1228: -1 -1 -1 -1
24 1229: -1 -1 -1 -1
24 1230: -1 -1 -1 -1
24 1231: -1 -1 -1 -1
24 1232: -1 -1 -1 -1
24 1233: -1 -1 -1 -1
24 1234: -1 -1 -1 -1
24 1235: -1 -1 -1 -1
24 1236: -1 -1 -1 -1
24 1237: -1 -1 -1 -1
24 1238: -1 -1 -1 -1
24 1239: -1 -1 -1 -1
24 1240: -1 -1 -1 -1
25 1195: -1 -1 -1 -1
25 1196: -1 -1 -1 -1
25 1197: -1 -1 -1 -1
25 1198: -1 -1 -1 -1
25 1199: -1 -1 -1 -1
25 1200: -1 -1 -1 -1
25 1201: -1 -1 -1 -1
25 1202: -1 -1 -1 -1
25 1203: -1 -1 -1 -1
25 1204: -1 -1 -1 -1
25 1205: -1 -1 -1 -1
25 1206: -1 -1 -1 -1
25 1207: -1 -1 -1 -1
25 1208: -1 -1 -1 -1
25 1209: -1 -1 -1 -1
25 1210: -1 -1 -1 -1
25 1211: -1 -1 -1 -1
25 1212: -1 -1 -1 -1
25 1213: -1 -1 -1 -1
25 1214: -1 -1 -1 -1
25 1215: -1 -1 -1 -1
25 1216: 0 0 0 0
25 1217: 0 0 0 0
25 1218: 1 1 1 1
25 1219: 1 1 1 1
25 1220: 1 1 1 1
25 1221: 0 0 0 0
25 1222: 0 0 0 0
25 1223: -1 -1 -1 -1
25 1224: -1 -1 -1 -1
25 1225: -1 -1 -1 -1
25 1226: -1 -1 -1 -1
25 1227: -1 -1 -1 -1
25 1228: -1 -1 -1 -1
25 1229: -1 -1 -1 -1
25 1230: -1 -1 -1 -1
25 1231: -1 -1 -1 -1
25 1232: -1 -1 -1 -1
25 1233: -1 -1 -1 -1
25 1234: -1 -1 -1 -1
25 1235: -1 -1 -1 -1
25 1236: -1 -1 -1 -1
25 1237: -1 -1 -1 -1
25 1238: -1 -1 -1 -1
25 1239: -1 -1 -1 -1
25 1240: -1 -1 -1 -1
26 1195: -1 -1 -1 -1
26 1196: -1 -1 -1 -1
26 1197: -1 -1 -1 -1
26 1198: -1 -1 -1 -1
26 1199: -1 -1 -1 -1
26 1200: -1 -1 -1 -1
26 1201: -1 -1 -1 -1
26 1202: -1 -1 -1 -1
26 1203: -1 -1 -1 -1
26 1204: -1 -1 -1 -1
26 1205: -1 -1 -1 -1
26 1206: -1 -1 -1 -1
26 1207: -1 -1 -1 -1
26 1208: -1 -1 -1 -1
26 1209: -1 -1 -1 -1
26 1210: -1 -1 -1 -1
26 1211: -1 -1 -1 -1
26 1212: -1 -1 -1 -1
26 1213: -1 -1 -1 -1
26 1214: -1 -1 -1 -1
26 1215: -1 -1 -1 -1
26 1216: -1 -1 -1 -1
26 1217: -1 -1 -1 -1
26 1218: 0 0 0 0
26 1219: 0 0 0 0
26 1220: 0 0 0 0
26 1221: -1 -1 -1 -1
26 1222: -1 -1 -1 -1
26 1223: -1 -1 -1 -1
26 1224: -1 -1 -1 -1
26 1225: -1 -1 -1 -1
26 1226: -1 -1 -1 -1
26 1227: -1 -1 -1 -1
26 1228: -1 -1 -1 -1
26 1229: -1 -1 -1 -1
26 1230: -1 -1 -1 -1
26 1231: -1 -1 -1 -1
26 1232: -1 -1 -1 -1
26 1233: -1 -1 -1 -1
26 1234: -1 -1 -1 -1
26 1235: -1 -1 -1 -1
26 1236: -1 -1 -1 -1
26 1237: -1 -1 -1 -1
26 1238: -1 -1 -1 -1
26 1239: -1 -1 -1 -1
26 1240: -1 -1 -1 -1
27 1195: -1 -1 -1 -1
27 1196: -1 -1 -1 -1
27 1197: -1 -1 -1 -1
27 1198: -1 -1 -1 -1
27 1199: -1 -1 -1 -1
27 1200: -1 -1 -1 -1
27 1201: -1 -1 -1 -1
27 1202: -1 -1 -1 -1
27 1203: -1 -1 -1 -1
27 1204: -1 -1 -1 -1
27 1205: -1 -1 -1 -1
27 1206: -1 -1 -1 -1
27 1207: -1 -1 -1 -1
27 1208: -1 -1 -1 -1
27 1209: -1 -1 -1 -1
27 1210: -1 -1 -1 -1
27 1211: -1 -1 -1 -1
27 1212: -1 -1 -1 -1
27 1213: -1 -1 -1 -1
27 1214: -1 -1 -1 -1
27 1215: -1 -1 -1 -1
27 1216: -1 -1 -1 -1
27 1217: -1 -1 -1 -1
27 1218: -1 -1 -1 -1
27 1219: -1 -1 -1 -1
27 1220: -1 -1 -1 -1
27 1221: -1 -1 -1 -1
27 1222: -1 -1 -1 -1
27 1223: -1 -1 -1 -1
27 1224: -1 -1 -1 -1
27 1225: -1 -1 -1 -1
27 1226: -1 -1 -1 -1
27 1227: -1 -1 -1 -1
27 1228: -1 -1 -1 -1
27 1229: -1 -1 -1 -1
27 1230: -1 -1 -1 -1
27 1231: -1 -1 -1 -1
27 1232: -1 -1 -1 -1
27 1233: -1 -1 -1 -1
27 1234: -1 -1 -1 -1
27 1235: -1 -1 -1 -1
27 1236: -1 -1 -1 -1
27 1237: -1 -1 -1 -1
27 1238: -1 -1 -1 -1
27 1239: -1 -1 -1 -1
27 1240: -1 -1 -1 -1
28 1195: -1 -1 -1 -1
28 1196: -1 -1 -1 -1
28 1197: -1 -1 -1 -1
28 1198: -1 -1 -1 -1
28 1199: -1 -1 -1 -1
28 1200: -1 -1 -1 -1
28 1201: -1 -1 -1 -1
28 1202: -1 -1 -1 -1
28 1203: -1 -1 -1 -1
28 1204: -1 -1 -1 -1
28 1205: -1 -1 -1 -1
28 1206: -1 -1 -1 -1
28 1207: -1 -1 -1 -1
28 1208: -1 -1 -1 -1
28 1209: -1 -1 -1 -1
28 1210: -1 -1 -1 -1
28 1211: -1 -1 -1 -1
28 1212: -1 -1 -1 -1
28 1213: -1 -1 -1 -1
28 1214: -1 -1 -1 -1
28 1215: -1 -1 -1 -1
28 1216: -1 -1 -1 -1
28 1217: -1 -1 -1 -1
28 1218: -1 -1 -1 -1
28 1219: -1 -1 -1 -1
28 1220: -1 -1 -1 -1
28 1221: -1 -1 -1 -1
28 1222: -1 -1 -1 -1
28 1223: -1 -1 -1 -1
28 1224: -1 -1 -1 -1
28 1225: -1 -1 -1 -1
28 1226: -1 -1 -1 -1
28 1227: -1 -1 -1 -1
28 1228: -1 -1 -1 -1
28 1229: -1 -1 -1 -1
28 1230: -1 -1 -1 -1
28 1231: -1 -1 -1 -1
28 1232: -1 -1 -1 -1
28 1233: -1 -1 -1 -1
28 1234: -1 -1 -1 -1
28 1235: -1 -1 -1 -1
28 1236: -1 -1 -1 -1
28 1237: -1 -1 -1 -1
28 1238: -1 -1 -1 -1
28 1239: -1 -1 -1 -1
28 1240: -1 -1 -1 -1
29 1195: -1 -1 -1 -1
29 1196: -1 -1 -1 -1
29 1197: -1 -1 -1 -1
29 1198: -1 -1 -1 -1
29 1199: -1 -1 -1 -1
29 1200: -1 -1 -1 -1
29 1201: -1 -1 -1 -1
29 1202: -1 -1 -1 -1
29 1203: -1 -1 -1 -1
29 1204: -1 -1 -1 -1
29 1205: -1 -1 -1 -1
29 1206: -1 -1 -1 -1
29 1207: -1 -1 -1 -1
29 1208: -1 -1 -1 -1
29 1209: -1 -1 -1 -1
29 1210: -1 -1 -1 -1
29 1211: -1 -1 -1 -1
29 1212: -1 -1 -1 -1
29 1213: -1 -1 -1 -1
29 1214: -1 -1 -1 -1
29 1215: -1 -1 -1 -1
29 1216: -1 -1 -1 -1
29 1217: -1 -1 -1 -1
29 1218: -1 -1 -1 -1
29 1219: -1 -1 -1 -1
29 1220: -1 -1 -1 -1
29 1221: -1 -1 -1 -1
29 1222: -1 -1 -1 -1
29 1223: -1 -1 -1 -1
29 1224: -1 -1 -1 -1
29 1225: -1 -1 -1 -1
29 1226: -1 -1 -1 -1
29 1227: -1 -1 -1 -1
29 1228: -1 -1 -1 -1
29 1229: -1 -1 -1 -1
29 1230: -1 -1 -1 -1
29 1231: -1 -1 -1 -1
29 1232: -1 -1 -1 -1
29 1233: -1 -1 -1 -1
29 1234: -1 -1 -1 -1
29 1235: -1 -1 -1 -1
29 1236: -1 -1 -1 -1
29 1237: -1 -1 -1 -1
29 1238: -1 -1 -1 -1
29 1239: -1 -1 -1 -1
29 1240: -1 -1 -1 -1
30 1195: -1 -1 -1 -1
30 1196: -1 -1 -1 -1
30 1197: -1 -1 -1 -1
30 1198: -1 -1 -1 -1
30 1199: -1 -1 -1 -1
30 1200: -1 -1 -1 -1
30 1201: -1 -1 -1 -1
30 1202: -1 -1 -1 -1
30 1203: -1 -1 -1 -1
30 1204: -1 -1 -1 -1
30 1205: -1 -1 -1 -1
30 1206: -1 -1 -1 -1
30 1207: -1 -1 -1 -1
30 1208: -1 -1 -1 -1
30 1209: -1 -1 -1 -1
30 1210: -1 -1 -1 -1
30 1211: -1 -1 -1 -1
30 1212: -1 -1 -1 -1
30 1213: -1 -1 -1 -1
30 1214: -1 -1 -1 -1
30 1215: -1 -1 -1 -1
30 1216: -1 -1 -1 -1
30 1217: -1 -1 -1 -1
30 1218: -1 -1 -1 -1
30 1219: -1 -1 -1 -1
30 1220: -1 -1 -1 -1
30 1221: -1 -1 -1 -1
30 1222: -1 -1 -1 -1
30 1223: -1 -1 -1 -1
30 1224: -1 -1 -1 -1
30 1225: -1 -1 -1 -1
30 1226: -1 -1 -1 -1
30 1227: -1 -1 -1 -1
30 1228: -1 -1 -1 -1
30 1229: -1 -1 -1 -1
30 1230: -1 -1 -1 -1
30 1231: -1 -1 -1 -1
30 1232: -1 -1 -1 -1
30 1233: -1 -1 -1 -1
30 1234: -1 -1 -1 -1
30 1235: -1 -1 -1 -1
30 1236: -1 -1 -1 -1
30 1237: -1 -1 -1 -1
30 1238: -1 -1 -1 -1
30 1239: -1 -1 -1 -1
30 1240: -1 -1 -1 -1
31 1195: -1 -1 -1 -1
31 1196: -1 -1 -1 -1
31 1197: -1 -1 -1 -1
31 1198: -1 -1 -1 -1
31 1199: -1 -1 -1 -1
31 1200: -1 -1 -1 -1
31 1201: -1 -1 -1 -1
31 1202: -1 -1 -1 -1
31 1203: -1 -1 -1 -1
31 1204: -1 -1 -1 -1
31 1205: -1 -1 -1 -1
31 1206: -1 -1 -1 -1
31 1207: -1 -1 -1 -1
31 1208: -1 -1 -1 -1
31 1209: -1 -1 -1 -1
31 1210: -1 -1 -1 -1
31 1211: -1 -1 -1 -1
31 1212: -1 -1 -1 -1
31 1213: -1 -1 -1 -1
31 1214: -1 -1 -1 -1
31 1215: -1 -1 -1 -1
31 1216: -1 -1 -1 -1
31 1217: -1 -1 -1 -1
31 1218: -1 -1 -1 -1
31 1219: -1 -1 -1 -1
31 1220: -1 -1 -1 -1
31 1221: -1 -1 -1 -1
31 1222: -1 -1 -1 -1
31 1223: -1 -1 -1 -1
31 1224: -1 -1 -1 -1
31 1225: -1 -1 -1 -1
31 1226: -1 -1 -1 -1
31 1227: -1 -1 -1 -1
31 1228: -1 -1 -1 -1
31 1229: -1 -1 -1 -1
31 1230: -1 -1 -1 -1
31 1231: -1 -1 -1 -1
31 1232: -1 -1 -1 -1
31 1233: -1 -1 -1 -1
31 1234: -1 -1 -1 -1
31 1235: -1 -1 -1 -1
31 1236: -1 -1 -1 -1
31 1237: -1 -1 -1 -1
31 1238: -1 -1 -1 -1
31 1239: -1 -1 -1 -1
31 1240: -1 -1 -1 -1
32 1195: -1 -1 -1 -1
32 1196: -1 -1 -1 -1
32 1197: -1 -1 -1 -1
32 1198: -1 -1 -1 -1
32 1199: -1 -1 -1 -1
32 1200: -1 -1 -1 -1
32 1201: -1 -1 -1 -1
32 1202: -1 -1 -1 -1
32 1203: -1 -1 -1 -1
32 1204: -1 -1 -1 -1
32 1205: -1 -1 -1 -1
32 1206: -1 -1 -1 -1
32 1207: -1 -1 -1 -1
32 1208: -1 -1 -1 -1
32 1209: -1 -1 -1 -1
32 1210: -1 -1 -1 -1
32 1211: -1 -1 -1 -1
32 1212: -1 -1 -1 -1
32 1213: -1 -1 -1 -1
32 1214: -1 -1 -1 -1
32 1215: -1 -1 -1 -1
32 1216: -1 -1 -1 -1
32 1217: 0 0 0 0
32 1218: 0 0 0 0
32 1219: 1 1 1 1
32 1220: 0 0 0 0
32 1221: 0 0 0 0
32 1222: -1 -1 -1 -1
32 1223: -1 -1 -1 -1
32 1224: -1 -1 -1 -1
32 1225: -1 -1 -1 -1
32 1226: -1 -1 -1 -1
32 1227: -1 -1 -1 -1
32 1228: -1 -1 -1 -1
32 1229: -1 -1 -1 -1
32 1230: -1 -1 -1 -1
32 1231: -1 -1 -1 -1
32 1232: -1 -1 -1 -1
32 1233: -1 -1 -1 -1
32 1234: -1 -1 -1 -1
32 1235: -1 -1 -1 -1
32 1236: -1 -1 -1 -1
32 1237: -1 -1 -1 -1
32 1238: -1 -1 -1 -1
32 1239: -1 -1 -1 -1
32 1240: -1 -1 -1 -1
33 1195: -1 -1 -1 -1
33 1196: -1 -1 -1 -1
33 1197: -1 -1 -1 -1
33 1198: -1 -1 -1 -1
33 1199: -1 -1 -1 -1
33 1200: -1 -1 -1 -1
33 1201: -1 -1 -1 -1
33 1202: -1 -1 -1 -1
33 1203: -1 -1 -1 -1
33 1204: -1 -1 -1 -1
33 1205: -1 -1 -1 -1
33 1206: -1 -1 -1 -1
33 1207: -1 -1 -1 -1
33 1208: -1 -1 -1 -1
33 1209: -1 -1 -1 -1
33 1210: -1 -1 -1 -1
33 1211: -1 -1 -1 -1
33 1212: -1 -1 -1 -1
33 1213: -1 -1 -1 -1
33 1214: -1 -1 -1 -1
33 1215: 0 0 0 0
33 1216: 0 0 0 0
33 1217: 1 1 1 1
33 1218: 1 1 1 1
33 1219: 1 1 1 1
33 1220: 1 1 1 1
33 1221: 1 1 1 1
33 1222: 0 0 0 0
33 1223: 0 0 0 0
33 1224: -1 -1 -1 -1
33 1225: -1 -1 -1 -1
33 1226: -1 -1 -1 -1
33 1227: -1 -1 -1 -1
33 1228: -1 -1 -1 -1
33 1229: -1 -1 -1 -1
33 1230: -1 -1 -1 -1
33 1231: -1 -1 -1 -1
33 1232: -1 -1 -1 -1
33 1233: -1 -1 -1 -1
33 1234: -1 -1 -1 -1
33 1235: -1 -1 -1 -1
33 1236: -1 -1 -1 -1
33 1237: -1 -1 -1 -1
33 1238: -1 -1 -1 -1
33 1239: -1 -1 -1 -1
33 1240: -1 -1 -1 -1
34 1195: -1 -1 -1 -1
34 1196: -1 -1 -1 -1
34 1197: -1 -1 -1 -1
34 1198: -1 -1 -1 -1
34 1199: -1 -1 -1 -1
34 1200: -1 -1 -1 -1
34 1201: -1 -1 -1 -1
34 1202: -1 -1 -1 -1
34 1203: -1 -1 -1 -1
34 1204: -1 -1 -1 -1
34 1205: -1 -1 -1 -1
34 1206: -1 -1 -1 -1
34 1207: -1 -1 -1 -1
34 1208: -1 -1 -1 -1
34 1209: -1 -1 -1 -1
34 1210: -1 -1 -1 -1
34 1211: -1 -1 -1 -1
34 1212: -1 -1 -1 -1
34 1213: 0 0 0 0
34 1214: 0 0 0 0
34 1215: 1 1 1 1
34 1216: 1 1 1 1
34 1217: 1 1 1 1
34 1218: 1 1 1 1
34 1219: 1 1 1 1
34 1220: 1 1 1 1
34 1221: 1 1 1 1
34 1222: 1 1 1 1
34 1223: 1 1 1 1
34 1224: 0 0 0 0
34 1225: 0 0 0 0
34 1226: -1 -1 -1 -1
34 1227: -1 -1 -1 -1
34 1228: -1 -1 -1 -1
34 1229: -1 -1 -1 -1
34 1230: -1 -1 -1 -1
34 1231: -1 -1 -1 -1
34 1232: -1 -1 -1 -1
34 1233: -1 -1 -1 -1
34 1234: -1 -1 -1 -1
34 1235: -1 -1 -1 -1
34 1236: -1 -1 -1 -1
34 1237: -1 -1 -1 -1
34 1238: -1 -1 -1 -1
34 1239: -1 -1 -1 -1
34 1240: -1 -1 -1 -1
35 1195: -1 -1 -1 -1
35 1196: -1 -1 -1 -1
35 1197: -1 -1 -1 -1
35 1198: -1 -1 -1 -1
35 1199: -1 -1 -1 -1
35 1200: -1 -1 -1 -1
35 1201: -1 -1 -1 -1
35 1202: -1 -1 -1 -1
35 1203: -1 -1 -1 -1
35 1204: -1 -1 -1 -1
35 1205: -1 -1 -1 -1
35 1206: -1 -1 -1 -1
35 1207: -1 -1 -1 -1
35 1208: -1 -1 -1 -1
35 1209: -1 -1 -1 -1
35 1210: -1 -1 -1 -1
35 1211: 0 0 0 0
35 1212: 0 0 0 0
35 1213: 1 1 1 1
35 1214: 1 1 1 1
35 1215: 1 1 1 1
35 1216: 1 1 1 1
35 1217: 1 1 1 1
35 1218: 1 1 1 1
35 1219: 1 1 1 1
35 1220: 1 1 1 1
35 1221: 1 1 1 1
35 1222: 1 1 1 1
35 1223: 1 1 1 1
35 1224: 1 1 1 1
35 1225: 1 1 1 1
35 1226: 0 0 0 0
35 1227: 0 0 0 0
35 1228: -1 -1 -1 -1
35 1229: -1 -1 -1 -1
35 1230: -1 -1 -1 -1
35 1231: -1 -1 -1 -1
35 1232: -1 -1 -1 -1
35 1233: -1 -1 -1 -1
35 1234: -1 -1 -1 -1
35 1235: -1 -1 -1 -1
35 1236: -1 -1 -1 -1
35 1237: -1 -1 -1 -1
35 1238: -1 -1 -1 -1
35 1239: -1 -1 -1 -1
35 1240: -1 -1 -1 -1
36 1195: -1 -1 -1 -1
36 1196: -1 -1 -1 -1
36 1197: -1 -1 -1 -1
36 1198: -1 -1 -1 -1
36 1199: -1 -1 -1 -1
36 1200: -1 -1 -1 -1
36 1201: -1 -1 -1 -1
36 1202: -1 -1 -1 -1
36 1203: -1 -1 -1 -1
36 1204: -1 -1 -1 -1
36 1205: -1 -1 -1 -1
36 1206: -1 -1 -1 -1
36 1207: -1 -1 -1 -1
36 1208: -1 -1 -1 -1
36 1209: 0 0 0 0
36 1210: 0 0 0 0
36 1211: 1 1 1 1
36 1212: 1 1 1 1
36 1213: 1 1 1 1
36 1214: 1 1 1 1
36 1215: 1 1 1 1
36 1216: 1 1 1 1
36 1217: 1 1 1 1
36 1218: 1 1 1 1
36 1219: 1 1 1 1
36 1220: 1 1 1 1
36 1221: 1 1 1 1
36 1222: 1 1 1 1
36 1223: 1 1 1 1
36 1224: 1 1 1 1
36 1225: 1 1 1 1
36 1226: 1 1 1 1
36 1227: 1 1 1 1
36 1228: 0 0 0 0
36 1229: 0 0 0 0
36 1230: -1 -1 -1 -1
36 1231: -1 -1 -1 -1
36 1232: -1 -1 -1 -1
36 1233: -1 -1 -1 -1
36 1234: -1 -1 -1 -1
36 1235: -1 -1 -1 -1
36 1236: -1 -1 -1 -1
36 1237: -1 -1 -1 -1
36 1238: -1 -1 -1 -1
36 1239: -1 -1 -1 -1
36 1240: -1 -1 -1 -1
37 1195: -1 -1 -1 -1
37 1196: -1 -1 -1 -1
37 1197: -1 -1 -1 -1
37 1198: -1 -1 -1 -1
37 1199: -1 -1 -1 -1
37 1200: -1 -1 -1 -1
37 1201: -1 -1 -1 -1
37 1202: -1 -1 -1 -1
37 1203: -1 -1 -1 -1
37 1204: -1 -1 -1 -1
37 1205: -1 -1 -1 -1
37 1206: -1 -1 -1 -1
37 1207: 0 0 0 0
37 1208: 0 0 0 0
37 1209: 1 1 1 1
37 1210: 1 1 1 1
37 1211: 1 1 1 1
37 1212: 1 1 1 1
37 1213: 1 1 1 1
37 1214: 1 1 1 1
37 1215: 1 1 1 1
37 1216: 1 1 1 1
37 1217: 1 1 1 1
37 1218: 1 1 1 1
37 1219: 1 1 1 1
37 1220: 1 1 1 1
37 1221: 1 1 1 1
37 1222: 1 1 1 1
37 1223: 1 1 1 1
37 1224: 1 1 1 1
37 1225: 1 1 1 1
37 1226: 1 1 1 1
37 1227: 1 1 1 1
37 1228: 1 1 1 1
37 1229: 1 1 1 1
37 1230: 0 0 0 0
37 1231: 0 0 0 0
37 1232: -1 -1 -1 -1
37 1233: -1 -1 -1 -1
37 1234: -1 -1 -1 -1
37 1235: -1 -1 -1 -1
37 1236: -1 -1 -1 -1
37 1237: -1 -1 -1 -1
37 1238: -1 -1 -1 -1
37 1239: -1 -1 -1 -1
37 1240: -1 -1 -1 -1
38 1195: -1 -1 -1 -1
38 1196: -1 -1 -1 -1
38 1197: -1 -1 -1 -1
38 1198: -1 -1 -1 -1
38 1199: -1 -1 -1 -1
38 1200: -1 -1 -1 -1
38 1201: -1 -1 -1 -1
38 1202: -1 -1 -1 -1
38 1203: -1 -1 -1 -1
38 1204: -1 -1 -1 -1
38 1205: 0 0 0 0
38 1206: 0 0 0 0
38 1207: 1 1 1 1
38 1208: 1 1 1 1
38 1209: 1 1 1 1
38 1210: 1 1 1 1
38 1211: 1 1 1 1
38 1212: 1 1 1 1
38 1213: 1 1 1 1
38 1214: 1 1 1 1
38 1215: 1 1 1 1
38 1216: 1 1 1 1
38 1217: 1 1 1 1
38 1218: 1 1 1 1
38 1219: 1 1 1 1
38 1220: 1 1 1 1
38 1221: 1 1 1 1
38 1222: 1 1 1 1
38 1223: 1 1 1 1
38 1224: 2 1 1 1
38 1225: 1 1 1 1
38 1226: 1 1 1 1
38 1227: 1 1 1 1
38 1228: 1 1 1 1
38 1229: 1 1 1 1
38 1230: 1 1 1 1
38 1231: 1 1 1 1
38 1232: 0 0 0 0
38 1233: 0 0 0 0
38 1234: -1 -1 -1 -1
38 1235: -1 -1 -1 -1
38 1236: -1 -1 -1 -1
38 1237: -1 -1 -1 -1
38 1238: -1 -1 -1 -1
38 1239: -1 -1 -1 -1
38 1240: -1 -1 -1 -1
39 1195: -1 -1 -1 -1
39 1196: -1 -1 -1 -1
39 1197: -1 -1 -1 -1
39 1198: -1 -1 -1 -1
39 1199: -1 -1 -1 -1
39 1200: -1 -1 -1 -1
39 1201: -1 -1 -1 -1
39 1202: -1 -1 -1 -1
39 1203: 0 0 0 0
39 1204: 0 0 0 0
39 1205: 1 1 1 1
39 1206: 1 1 1 1
39 1207: 1 1 1 1
39 1208: 1 1 1 1
39 1209: 1 1 1 1
39 1210: 1 1 1 1
39 1211: 1 1 1 1
39 1212: 1 1 1 1
39 1213: 1 1 1 1
39 1214: 1 1 1 1
39 1215: 1 1 1 1
39 1216: 1 1 1 1
39 1217: 1 1 1 1
39 1218: 1 1 1 1
39 1219: 1 1 1 1
39 1220: 1 1 1 1
39 1221: 1 1 1 1
39 1222: 1 1 1 1
39 1223: 1 1 1 1
39 1224: 1 1 1 1
39 1225: 1 1 1 1
39 1226: 1 1 1 1
39 1227: 1 1 1 1
39 1228: 1 1 1 1
39 1229: 1 1 1 1
39 1230: 1 1 1 1
39 1231: 1 1 1 1
39 1232: 1 1 1 1
39 1233: 1 1 1 1
39 1234: 0 0 0 0
39 1235: 0 0 0 0
39 1236: -1 -1 -1 -1
39 1237: -1 -1 -1 -1
39 1238: -1 -1 -1 -1
39 1239: -1 -1 -1 -1
39 1240: -1 -1 -1 -1
40 1195: -1 -1 -1 -1
40 1196: -1 -1 -1 -1
40 1197: -1 -1 -1 -1
40 1198: -1 -1 -1 -1
40 1199: -1 -1 -1 -1
40 1200: -1 -1 -1 -1
40 1201: 0 0 0 0
40 1202: 0 0 0 0
40 1203: 1 1 1 1
40 1204: 1 1 1 1
40 1205: 1 1 1 1
40 1206: 1 1 1 1
40 1207: 1 1 1 1
40 1208: 1 1 1 1
40 1209: 1 1 1 1
40 1210: 1 1 1 1
40 1211: 1 1 1 1
40 1212: 1 1 1 1
40 1213: 1 1 1 1
40 1214: 1 1 1 1
40 1215: 1 1 1 1
40 1216: 1 1 1 1
40 1217: 1 1 1 1
40 1218: 1 1 1 1
40 1219: 1 1 1 1
40 1220: 1 1 1 1
40 1221: 1 1 1 1
40 1222: 1 1 1 1
40 1223: 1 1 1 1
40 1224: 1 1 1 1
40 1225: 1 1 1 1
40 1226: 1 1 1 1
40 1227: 1 1 1 1
40 1228: 1 1 1 1
40 1229: 1 1 1 1
40 1230: 1 1 1 1
40 1231: 1 1 1 1
40 1232: 1 1 1 1
40 1233: 1 1 1 1
40 1234: 1 1 1 1
40 1235: 1 1 1 1
40 1236: 0 0 0 0
40 1237: 0 0 0 0
40 1238: -1 -1 -1 -1
40 1239: -1 -1 -1 -1
40 1240: -1 -1 -1 -1
41 1195: -1 -1 -1 -1
41 1196: -1 -1 -1 -1
41 1197: -1 -1 -1 -1
41 1198: -1 -1 -1 -1
41 1199: -1 -1 -1 -1
41 1200: 0 0 0 0
41 1201: 1 1 1 1
41 1202: 1 1 1 1
41 1203: 1 1 1 1
41 1204: 1 1 1 1
41 1205: 1 1 1 1
41 1206: 1 1 1 1
41 1207: 1 1 1 1
41 1208: 1 1 1 1
41 1209: 1 1 1 1
41 1210: 1 1 1 1
41 1211: 1 1 1 1
41 1212: 1 1 1 1
41 1213: 1 1 1 1
41 1214: 1 1 1 1
41 1215: 1 1 1 1
41 1216: 1 1 1 1
41 1217: 1 1 1 1
41 1218: 1 1 1 1
41 1219: 1 1 1 1
41 1220: 1 1 1 1
41 1221: 1 1 1 1
41 1222: 1 1 1 1
41 1223: 1 1 1 1
41 1224: 1 1 1 1
41 1225: 1 1 1 1
41 1226: 1 1 1 1
41 1227: 1 1 1 1
41 1228: 1 1 1 1
41 1229: 1 1 1 1
41 1230: 1 1 1 1
41 1231: 1 1 1 1
41 1232: 1 1 1 1
41 1233: 1 1 1 1
41 1234: 1 1 1 1
41 1235: 1 1 1 1
41 1236: 1 1 1 1
41 1237: 1 1 1 1
41 1238: 0 0 0 0
41 1239: 0 0 0 0
41 1240: -1 -1 -1 -1
42 1195: -1 -1 -1 -1
42 1196: -1 -1 -1 -1
42 1197: -1 -1 -1 -1
42 1198: -1 -1 -1 -1
42 1199: -1 -1 -1 -1
42 1200: 1 1 1 1
42 1201: 1 1 1 1
42 1202: 1 1 1 1
42 1203: 1 1 1 1
42 1204: 1 1 1 1
42 1205: 1 1 1 1
42 1206: 1 1 1 1
42 1207: 1 1 1 1
42 1208: 1 1 1 1
42 1209: 1 1 1 1
42 1210: 1 1 1 1
42 1211: 1 1 1 1
42 1212: 1 1 1 1
42 1213: 1 1 1 1
42 1214: 1 1 1 1
42 1215: 1 1 1 1
42 1216: 1 1 1 1
42 1217: 1 1 1 1
42 1218: 1 1 1 1
42 1219: 1 1 1 1
42 1220: 1 1 1 1
42 1221: 1 1 1 1
42 1222: 1 1 1 1
42 1223: 1 1 1 1
42 1224: 1 1 1 1
42 1225: 1 1 1 1
42 1226: 1 1 1 1
42 1227: 1 1 1 1
42 1228: 1 1 1 1
42 1229: 1 1 1 1
42 1230: 1 1 1 1
42 1231: 1 1 1 1
42 1232: 1 1 1 1
42 1233: 1 1 1 1
42 1234: 1 1 1 1
42 1235: 1 1 1 1
42 1236: 1 1 1 1
42 1237: 1 1 1 1
42 1238: 1 1 1 1
42 1239: 0 0 0 0
42 1240: 0 0 0 0
43 1195: -1 -1 -1 -1
43 1196: -1 -1 -1 -1
43 1197: -1 -1 -1 -1
43 1198: -1 -1 -1 -1
43 1199: -1 -1 -1 -1
43 1200: 1 1 1 1
43 1201: 1 1 1 1
43 1202: 1 1 1 1
43 1203: 1 1 1 1
43 1204: 1 1 1 1
43 1205: 1 1 1 1
43 1206: 1 1 1 1
43 1207: 1 1 1 1
43 1208: 1 1 1 1
43 1209: 1 1 1 1
43 1210: 1 1 1 1
43 1211: 1 1 1 1
43 1212: 1 1 1 1
43 1213: 1 1 1 1
43 1214: 1 1 1 1
43 1215: 1 1 1 1
43 1216: 1 1 1 1
43 1217: 1 1 1 1
43 1218: 1 1 1 1
43 1219: 1 1 1 1
43 1220: 1 1 1 1
43 1221: 1 1 1 1
43 1222: 1 1 1 1
43 1223: 1 1 1 1
43 1224: 1 1 1 1
43 1225: 1 1 1 1
43 1226: 1 1 1 1
43 1227: 1 1 1 1
43 1228: 1 1 1 1
43 1229: 1 1 1 1
43 1230: 1 1 1 1
43 1231: 1 1 1 1
43 1232: 1 1 1 1
43 1233: 1 1 1 1
43 1234: 1 1 1 1
43 1235: 1 1 1 1
43 1236: 1 1 1 1
43 1237: 1 1 1 1
43 1238: 1 1 1 1
43 1239: 0 0 0 0
43 1240: 0 0 0 0
44 1195: -1 -1 -1 -1
44 1196: -1 -1 -1 -1
44 1197: -1 -1 -1 -1
44 1198: -1 -1 -1 -1
44 1199: -1 -1 -1 -1
44 1200: 0 0 0 0
44 1201: 0 0 0 0
44 1202: 1 1 1 1
44 1203: 1 1 1 1
44 1204: 1 1 1 1
44 1205: 1 1 1 1
44 1206: 1 1 1 1
44 1207: 1 1 1 1
44 1208: 1 1 1 1
44 1209: 1 1 1 1
44 1210: 1 1 1 1
44 1211: 1 1 1 1
44 1212: 1 1 1 1
44 1213: 1 1 1 1
44 1214: 1 1 1 1
44 1215: 1 1 1 1
44 1216: 1 1 1 1
44 1217: 1 1 1 1
44 1218: 1 1 1 1
44 1219: 1 1 1 1
44 1220: 1 1 1 1
44 1221: 1 1 1 1
44 1222: 1 1 1 1
44 1223: 1 1 1 1
44 1224: 1 1 1 1
44 1225: 1 1 1 1
44 1226: 1 1 1 1
44 1227: 1 1 1 1
44 1228: 1 1 1 1
44 1229: 1 1 1 1
44 1230: 1 1 1 1
44 1231: 1 1 1 1
44 1232: 1 1 1 1
44 1233: 1 1 1 1
44 1234: 1 1 1 1
44 1235: 1 1 1 1
44 1236: 1 1 1 1
44 1237: 0 0 0 0
44 1238: 0 0 0 0
44 1239: -1 -1 -1 -1
44 1240: -1 -1 -1 -1
45 1195: -1 -1 -1 -1
45 1196: -1 -1 -1 -1
45 1197: -1 -1 -1 -1
45 1198: -1 -1 -1 -1
45 1199: -1 -1 -1 -1
45 1200: -1 -1 -1 -1
45 1201: -1 -1 -1 -1
45 1202: 0 0 0 0
45 1203: 0 0 0 0
45 1204: 1 1 1 1
45 1205: 1 1 1 1
45 1206: 1 1 1 1
45 1207: 1 1 1 1
45 1208: 1 1 1 1
45 1209: 1 1 1 1
45 1210: 1 1 1 1
45 1211: 1 1 1 1
45 1212: 1 1 1 1
45 1213: 1 1 1 1
45 1214: 1 1 1 1
45 1215: 1 1 1 1
45 1216: 1 1 1 1
45 1217: 1 1 1 1
45 1218: 1 1 1 1
45 1219: 1 1 1 1
45 1220: 1 1 1 1
45 1221: 1 1 1 1
45 1222: 1 1 1 1
45 1223: 1 1 1 1
45 1224: 1 1 1 1
45 1225: 1 1 1 1
45 1226: 1 1 1 1
45 1227: 1 1 1 1
45 1228: 1 1 1 1
45 1229: 1 1 1 1
45 1230: 1 1 1 1
45 1231: 1 1 1 1
45 1232: 1 1 1 1
45 1233: 1 1 1 1
45 1234: 1 1 1 1
45 1235: 0 0 0 0
45 1236: 0 0 0 0
45 1237: -1 -1 -1 -1
45 1238: -1 -1 -1 -1
45 1239: -1 -1 -1 -1
45 1240: -1 -1 -1 -1
46 1195: -1 -1 -1 -1
46 1196: -1 -1 -1 -1
46 1197: -1 -1 -1 -1
46 1198: -1 -1 -1 -1
46 1199: -1 -1 -1 -1
46 1200: -1 -1 -1 -1
46 1201: -1 -1 -1 -1
46 1202: -1 -1 -1 -1
46 1203: -1 -1 -1 -1
46 1204: 0 0 0 0
46 1205: 0 0 0 0
46 1206: 1 1 1 1
46 1207: 1 1 1 1
46 1208: 1 1 1 1
46 1209: 1 1 1 1
46 1210: 1 1 3 1
46 1211: 1 1 1 1
46 1212: 1 1 1 1
46 1213: 1 1 1 1
46 1214: 1 1 1 1
46 1215: 1 1 1 1
46 1216: 1 1 1 1
46 1217: 1 1 1 1
46 1218: 1 1 1 1
46 1219: 1 1 1 1
46 1220: 1 1 1 1
46 1221: 1 1 1 1
46 1222: 1 1 1 1
46 1223: 1 1 1 1
46 1224: 1 1 1 1
46 1225: 1 1 1 1
46 1226: 1 1 1 1
46 1227: 1 1 1 1
46 1228: 1 1 1 1
46 1229: 1 1 1 1
46 1230: 1 1 1 1
46 1231: 1 1 1 1
46 1232: 1 1 1 1
46 1233: 0 0 0 0
46 1234: 0 0 0 0
46 1235: -1 -1 -1 -1
46 1236: -1 -1 -1 -1
46 1237: -1 -1 -1 -1
46 1238: -1 -1 -1 -1
46 1239: -1 -1 -1 -1
46 1240: -1 -1 -1 -1
47 1195: -1 -1 -1 -1
47 1196: -1 -1 -1 -1
47 1197: -1 -1 -1 -1
47 1198: -1 -1 -1 -1
47 1199: -1 -1 -1 -1
47 1200: -1 -1 -1 -1
47 1201: -1 -1 -1 -1
47 1202: -1 -1 -1 -1
47 1203: -1 -1 -1 -1
47 1204: -1 -1 -1 -1
47 1205: -1 -1 -1 -1
47 1206: 0 0 0 0
47 1207: 0 0 0 0
47 1208: 1 1 1 1
47 1209: 1 1 1 1
47 1210: 1 1 1 1
47 1211: 1 1 1 1
47 1212: 1 1 1 1
47 1213: 1 1 1 1
47 1214: 1 1 1 1
47 1215: 1 1 1 1
47 1216: 1 1 1 1
47 1217: 1 1 1 1
47 1218: 1 1 1 1
47 1219: 1 1 1 1
47 1220: 1 1 1 1
47 1221: 1 1 1 1
47 1222: 1 1 1 1
47 1223: 1 1 1 1
47 1224: 1 1 1 1
47 1225: 1 1 1 1
47 1226: 1 1 1 1
47 1227: 1 1 1 1
47 1228: 1 1 1 1
47 1229: 1 1 1 1
47 1230: 1 1 1 1
47 1231: 0 0 0 0
47 1232: 0 0 0 0
47 1233: -1 -1 -1 -1
47 1234: -1 -1 -1 -1
47 1235: -1 -1 -1 -1
47 1236: -1 -1 -1 -1
47 1237: -1 -1 -1 -1
47 1238: -1 -1 -1 -1
47 1239: -1 -1 -1 -1
47 1240: -1 -1 -1 -1
48 1195: -1 -1 -1 -1
48 1196: -1 -1 -1 -1
48 1197: -1 -1 -1 -1
48 1198: -1 -1 -1 -1
48 1199: -1 -1 -1 -1
48 1200: -1 -1 -1 -1
48 1201: -1 -1 -1 -1
48 1202: -1 -1 -1 -1
48 1203: -1 -1 -1 -1
48 1204: -1 -1 -1 -1
48 1205: -1 -1 -1 -1
48 1206: -1 -1 -1 -1
48 1207: -1 -1 -1 -1
48 1208: 0 0 0 0
48 1209: 0 0 0 0
48 1210: 1 1 1 1
48 1211: 1 1 1 1
48 1212: 1 1 1 1
48 1213: 1 1 1 1
48 1214: 1 1 1 1
48 1215: 1 1 1 1
48 1216: 1 1 1 1
48 1217: 1 1 1 1
48 1218: 1 1 1 1
48 1219: 1 1 1 1
48 1220: 1 1 1 1
48 1221: 1 1 1 1
48 1222: 1 1 1 1
48 1223: 1 1 1 1
48 1224: 1 1 1 1
48 1225: 1 1 1 1
48 1226: 1 1 1 1
48 1227: 1 1 1 1
48 1228: 1 1 1 1
48 1229: 0 0 0 0
48 1230: 0 0 0 0
48 1231: -1 -1 -1 -1
48 1232: -1 -1 -1 -1
48 1233: -1 -1 -1 -1
48 1234: -1 -1 -1 -1
48 1235: -1 -1 -1 -1
48 1236: -1 -1 -1 -1
48 1237: -1 -1 -1 -1
48 1238: -1 -1 -1 -1
48 1239: -1 -1 -1 -1
48 1240: -1 -1 -1 -1
49 1195: -1 -1 -1 -1
49 1196: -1 -1 -1 -1
49 1197: -1 -1 -1 -1
49 1198: -1 -1 -1 -1
49 1199: -1 -1 -1 -1
49 1200: -1 -1 -1 -1
49 1201: -1 -1 -1 -1
49 1202: -1 -1 -1 -1
49 1203: -1 -1 -1 -1
49 1204: -1 -1 -1 -1
49 1205: -1 -1 -1 -1
49 1206: -1 -1 -1 -1
49 1207: -1 -1 -1 -1
49 1208: -1 -1 -1 -1
49 1209: -1 -1 -1 -1
49 1210: 0 0 0 0
49 1211: 0 0 0 0
49 1212: 1 1 1 1
49 1213: 1 1 1 1
49 1214: 1 1 1 1
49 1215: 1 1 1 1
49 1216: 1 1 1 1
49 1217: 1 1 1 1
49 1218: 1 1 1 1
49 1219: 1 1 1 1
49 1220: 1 1 1 1
49 1221: 1 1 1 1
49 1222: 1 1 1 1
49 1223: 1 1 1 1
49 1224: 1 1 1 1
49 1225: 1 1 1 1
49 1226: 1 1 1 1
49 1227: 0 0 0 0
49 1228: 0 0 0 0
49 1229: -1 -1 -1 -1
49 1230: -1 -1 -1 -1
49 1231: -1 -1 -1 -1
49 1232: -1 -1 -1 -1
49 1233: -1 -1 -1 -1
49 1234: -1 -1 -1 -1
49 1235: -1 -1 -1 -1
49 1236: -1 -1 -1 -1
49 1237: -1 -1 -1 -1
49 1238: -1 -1 -1 -1
49 1239: -1 -1 -1 -1
49 1240: -1 -1 -1 -1
50 1195: -1 -1 -1 -1
50 1196: -1 -1 -1 -1
50 1197: -1 -1 -1 -1
50 1198: -1 -1 -1 -1
50 1199: -1 -1 -1 -1
50 1200: -1 -1 -1 -1
50 1201: -1 -1 -1 -1
50 1202: -1 -1 -1 -1
50 1203: -1 -1 -1 -1
50 1204: -1 -1 -1 -1
50 1205: -1 -1 -1 -1
50 1206: -1 -1 -1 -1
50 1207: -1 -1 -1 -1
50 1208: -1 -1 -1 -1
50 1209: -1 -1 -1 -1
50 1210: -1 -1 -1 -1
50 1211: -1 -1 -1 -1
50 1212: 0 0 0 0
50 1213: 0 0 0 0
50 1214: 1 1 1 1
50 1215: 1 1 1 1
50 1216: 1 1 1 1
50 1217: 1 1 1 1
50 1218: 1 1 1 1
50 1219: 1 1 1 1
50 1220: 1 1 1 1
50 1221: 1 1 1 1
50 1222: 1 1 1 1
50 1223: 1 1 1 1
50 1224: 1 1 1 1
50 1225: 0 0 0 0
50 1226: 0 0 0 0
50 1227: -1 -1 -1 -1
50 1228: -1 -1 -1 -1
50 1229: -1 -1 -1 -1
50 1230: -1 -1 -1 -1
50 1231: -1 -1 -1 -1
50 1232: -1 -1 -1 -1
50 1233: -1 -1 -1 -1
50 1234: -1 -1 -1 -1
50 1235: -1 -1 -1 -1
50 1236: -1 -1 -1 -1
50 1237: -1 -1 -1 -1
50 1238: -1 -1 -1 -1
50 1239: -1 -1 -1 -1
50 1240: -1 -1 -1 -1
51 1195: -1 -1 -1 -1
51 1196: -1 -1 -1 -1
51 1197: -1 -1 -1 -1
51 1198: -1 -1 -1 -1
51 1199: -1 -1 -1 -1
51 1200: -1 -1 -1 -1
51 1201: -1 -1 -1 -1
51 1202: -1 -1 -1 -1
51 1203: -1 -1 -1 -1
51 1204: -1 -1 -1 -1
51 1205: -1 -1 -1 -1
51 1206: -1 -1 -1 -1
51 1207: -1 -1 -1 -1
51 1208: -1 -1 -1 -1
51 1209: -1 -1 -1 -1
51 1210: -1 -1 -1 -1
51 1211: -1 -1 -1 -1
51 1212: -1 -1 -1 -1
51 1213: -1 -1 -1 -1
51 1214: 0 0 0 0
51 1215: 0 0 0 0
51 1216: 1 1 1 1
51 1217: 1 1 1 1
51 1218: 1 1 1 1
51 1219: 1 1 1 1
51 1220: 1 1 1 1
51 1221: 1 1 1 1
51 1222: 1 1 1 1
51 1223: 0 0 0 0
51 1224: 0 0 0 0
51 1225: -1 -1 -1 -1
51 1226: -1 -1 -1 -1
51 1227: -1 -1 -1 -1
51 1228: -1 -1 -1 -1
51 1229: -1 -1 -1 -1
51 1230: -1 -1 -1 -1
51 1231: -1 -1 -1 -1
51 1232: -1 -1 -1 -1
51 1233: -1 -1 -1 -1
51 1234: -1 -1 -1 -1
51 1235: -1 -1 -1 -1
51 1236: -1 -1 -1 -1
51 1237: -1 -1 -1 -1
51 1238: -1 -1 -1 -1
51 1239: -1 -1 -1 -1
51 1240: -1 -1 -1 -1
52 1195: -1 -1 -1 -1
52 1196: -1 -1 -1 -1
52 1197: -1 -1 -1 -1
52 1198: -1 -1 -1 -1
52 1199: -1 -1 -1 -1
52 1200: -1 -1 -1 -1
52 1201: -1 -1 -1 -1
52 1202: -1 -1 -1 -1
52 1203: -1 -1 -1 -1
52 1204: -1 -1 -1 -1
52 1205: -1 -1 -1 -1
52 1206: -1 -1 -1 -1
52 1207: -1 -1 -1 -1
52 1208: -1 -1 -1 -1
52 1209: -1 -1 -1 -1
52 1210: -1 -1 -1 -1
52 1211: -1 -1 -1 -1
52 1212: -1 -1 -1 -1
52 1213: -1 -1 -1 -1
52 1214: -1 -1 -1 -1
52 1215: -1 -1 -1 -1
52 1216: 0 0 0 0
52 1217: 0 0 0 0
52 1218: 1 1 1 1
52 1219: 1 1 1 1
52 1220: 1 1 1 1
52 1221: 0 0 0 0
52 1222: 0 0 0 0
52 1223: -1 -1 -1 -1
52 1224: -1 -1 -1 -1
52 1225: -1 -1 -1 -1
52 1226: -1 -1 -1 -1
52 1227: -1 -1 -1 -1
52 1228: -1 -1 -1 -1
52 1229: -1 -1 -1 -1
52 1230: -1 -1 -1 -1
52 1231: -1 -1 -1 -1
52 1232: -1 -1 -1 -1
52 1233: -1 -1 -1 -1
52 1234: -1 -1 -1 -1
52 1235: -1 -1 -1 -1
52 1236: -1 -1 -1 -1
52 1237: -1 -1 -1 -1
52 1238: -1 -1 -1 -1
52 1239: -1 -1 -1 -1
52 1240: -1 -1 -1 -1
53 1195: -1 -1 -1 -1
53 1196: -1 -1 -1 -1
53 1197: -1 -1 -1 -1
53 1198: -1 -1 -1 -1
53 1199: -1 -1 -1 -1
53 1200: -1 -1 -1 -1
53 1201: -1 -1 -1 -1
53 1202: -1 -1 -1 -1
53 1203: -1 -1 -1 -1
53 1204: -1 -1 -1 -1
53 1205: -1 -1 -1 -1
53 1206: -1 -1 -1 -1
53 1207: -1 -1 -1 -1
53 1208: -1 -1 -1 -1
53 1209: -1 -1 -1 -1
53 1210: -1 -1 -1 -1
53 1211: -1 -1 -1 -1
53 1212: -1 -1 -1 -1
53 1213: -1 -1 -1 -1
53 1214: -1 -1 -1 -1
53 1215: -1 -1 -1 -1
53 1216: -1 -1 -1 -1
53 1217: -1 -1 -1 -1
53 1218: 0 0 0 0
53 1219: 0 0 0 0
53 1220: 0 0 0 0
53 1221: -1 -1 -1 -1
53 1222: -1 -1 -1 -1
53 1223: -1 -1 -1 -1
53 1224: -1 -1 -1 -1
53 1225: -1 -1 -1 -1
53 1226: -1 -1 -1 -1
53 1227: -1 -1 -1 -1
53 1228: -1 -1 -1 -1
53 1229: -1 -1 -1 -1
53 1230: -1 -1 -1 -1
53 1231: -1 -1 -1 -1
53 1232: -1 -1 -1 -1
53 1233: -1 -1 -1 -1
53 1234: -1 -1 -1 -1
53 1235: -1 -1 -1 -1
53 1236: -1 -1 -1 -1
53 1237: -1 -1 -1 -1
53 1238: -1 -1 -1 -1
53 1239: -1 -1 -1 -1
53 1240: -1 -1 -1 -1
54 1195: -1 -1 -1 -1
54 1196: -1 -1 -1 -1
54 1197: -1 -1 -1 -1
54 1198: -1 -1 -1 -1
54 1199: -1 -1 -1 -1
54 1200: -1 -1 -1 -1
54 1201: -1 -1 -1 -1
54 1202: -1 -1 -1 -1
54 1203: -1 -1 -1 -1
54 1204: -1 -1 -1 -1
54 1205: -1 -1 -1 -1
54 1206: -1 -1 -1 -1
54 1207: -1 -1 -1 -1
54 1208: -1 -1 -1 -1
54 1209: -1 -1 -1 -1
54 1210: -1 -1 -1 -1
54 1211: -1 -1 -1 -1
54 1212: -1 -1 -1 -1
54 1213: -1 -1 -1 -1
54 1214: -1 -1 -1 -1
54 1215: -1 -1 -1 -1
54 1216: -1 -1 -1 -1
54 1217: -1 -1 -1 -1
54 1218: -1 -1 -1 -1
54 1219: -1 -1 -1 -1
54 1220: -1 -1 -1 -1
54 1221: -1 -1 -1 -1
54 1222: -1 -1 -1 -1
54 1223: -1 -1 -1 -1
54 1224: -1 -1 -1 -1
54 1225: -1 -1 -1 -1
54 1226: -1 -1 -1 -1
54 1227: -1 -1 -1 -1
54 1228: -1 -1 -1 -1
54 1229: -1 -1 -1 -1
54 1230: -1 -1 -1 -1
54 1231: -1 -1 -1 -1
54 1232: -1 -1 -1 -1
54 1233: -1 -1 -1 -1
54 1234: -1 -1 -1 -1
54 1235: -1 -1 -1 -1
54 1236: -1 -1 -1 -1
54 1237: -1 -1 -1 -1
54 1238: -1 -1 -1 -1
54 1239: -1 -1 -1 -1
54 1240: -1 -1 -1 -1
55 1195: -1 -1 -1 -1
55 1196: -1 -1 -1 -1
55 1197: -1 -1 -1 -1
55 1198: -1 -1 -1 -1
55 1199: -1 -1 -1 -1
55 1200: -1 -1 -1 -1
55 1201: -1 -1 -1 -1
55 1202: -1 -1 -1 -1
55 1203: -1 -1 -1 -1
55 1204: -1 -1 -1 -1
55 1205: -1 -1 -1 -1
55 1206: -1 -1 -1 -1
55 1207: -1 -1 -1 -1
55 1208: -1 -1 -1 -1
55 1209: -1 -1 -1 -1
55 1210: -1 -1 -1 -1
55 1211: -1 -1 -1 -1
55 1212: -1 -1 -1 -1
55 1213: -1 -1 -1 -1
55 1214: -1 -1 -1 -1
55 1215: -1 -1 -1 -1
55 1216: -1 -1 -1 -1
55 1217: -1 -1 -1 -1
55 1218: -1 -1 -1 -1
55 1219: -1 -1 -1 -1
55 1220: -1 -1 -1 -1
55 1221: -1 -1 -1 -1
55 1222: -1 -1 -1 -1
55 1223: -1 -1 -1 -1
55 1224: -1 -1 -1 -1
55 1225: -1 -1 -1 -1
55 1226: -1 -1 -1 -1
55 1227: -1 -1 -1 -1
55 1228: -1 -1 -1 -1
55 1229: -1 -1 -1 -1
55 1230: -1 -1 -1 -1
55 1231: -1 -1 -1 -1
55 1232: -1 -1 -1 -1
55 1233: -1 -1 -1 -1
55 1234: -1 -1 -1 -1
55 1235: -1 -1 -1 -1
55 1236: -1 -1 -1 -1
55 1237: -1 -1 -1 -1
55 1238: -1 -1 -1 -1
55 1239: -1 -1 -1 -1
55 1240: -1 -1 -1 -1
56 1195: -1 -1 -1 -1
56 1196: -1 -1 -1 -1
56 1197: -1 -1 -1 -1
56 1198: -1 -1 -1 -1
56 1199: -1 -1 -1 -1
56 1200: -1 -1 -1 -1
56 1201: -1 -1 -1 -1
56 1202: -1 -1 -1 -1
56 1203: -1 -1 -1 -1
56 1204: -1 -1 -1 -1
56 1205: -1 -1 -1 -1
56 1206: -1 -1 -1 -1
56 1207: -1 -1 -1 -1
56 1208: -1 -1 -1 -1
56 1209: -1 -1 -1 -1
56 1210: -1 -1 -1 -1
56 1211: -1 -1 -1 -1
56 1212: -1 -1 -1 -1
56 1213: -1 -1 -1 -1
56 1214: -1 -1 -1 -1
56 1215: -1 -1 -1 -1
56 1216: -1 -1 -1 -1
56 1217: -1 -1 -1 -1
56 1218: -1 -1 -1 -1
56 1219: -1 -1 -1 -1
56 1220: -1 -1 -1 -1
56 1221: -1 -1 -1 -1
56 1222: -1 -1 -1 -1
56 1223: -1 -1 -1 -1
56 1224: -1 -1 -1 -1
56 1225: -1 -1 -1 -1
56 1226: -1 -1 -1 -1
56 1227: -1 -1 -1 -1
56 1228: -1 -1 -1 -1
56 1229: -1 -1 -1 -1
56 1230: -1 -1 -1 -1
56 1231: -1 -1 -1 -1
56 1232: -1 -1 -1 -1
56 1233: -1 -1 -1 -1
56 1234: -1 -1 -1 -1
56 1235: -1 -1 -1 -1
56 1236: -1 -1 -1 -1
56 1237: -1 -1 -1 -1
56 1238: -1 -1 -1 -1
56 1239: -1 -1 -1 -1
56 1240: -1 -1 -1 -1
57 1195: -1 -1 -1 -1
57 1196: -1 -1 -1 -1
57 1197: -1 -1 -1 -1
57 1198: -1 -1 -1 -1
57 1199: -1 -1 -1 -1
57 1200: -1 -1 -1 -1
57 1201: -1 -1 -1 -1
57 1202: -1 -1 -1 -1
57 1203: -1 -1 -1 -1
57 1204: -1 -1 -1 -1
57 1205: -1 -1 -1 -1
57 1206: -1 -1 -1 -1
57 1207: -1 -1 -1 -1
57 1208: -1 -1 -1 -1
57 1209: -1 -1 -1 -1
57 1210: -1 -1 -1 -1
57 1211: -1 -1 -1 -1
57 1212: -1 -1 -1 -1
57 1213: -1 -1 -1 -1
57 1214: -1 -1 -1 -1
57 1215: -1 -1 -1 -1
57 1216: -1 -1 -1 -1
57 1217: -1 -1 -1 -1
57 1218: -1 -1 -1 -1
57 1219: -1 -1 -1 -1
57 1220: -1 -1 -1 -1
57 1221: -1 -1 -1 -1
57 1222: -1 -1 -1 -1
57 1223: -1 -1 -1 -1
57 1224: -1 -1 -1 -1
57 1225: -1 -1 -1 -1
57 1226: -1 -1 -1 -1
57 1227: -1 -1 -1 -1
57 1228: -1 -1 -1 -1
57 1229: -1 -1 -1 -1
57 1230: -1 -1 -1 -1
57 1231: -1 -1 -1 -1
57 1232: -1 -1 -1 -1
57 1233: -1 -1 -1 -1
57 1234: -1 -1 -1 -1
57 1235: -1 -1 -1 -1
57 1236: -1 -1 -1 -1
57 1237: -1 -1 -1 -1
57 1238: -1 -1 -1 -1
57 1239: -1 -1 -1 -1
57 1240: -1 -1 -1 -1
58 1195: -1 -1 -1 -1
58 1196: -1 -1 -1 -1
58 1197: -1 -1 -1 -1
58 1198: -1 -1 -1 -1
58 1199: -1 -1 -1 -1
58 1200: -1 -1 -1 -1
58 1201: -1 -1 -1 -1
58 1202: -1 -1 -1 -1
58 1203: -1 -1 -1 -1
58 1204: -1 -1 -1 -1
58 1205: -1 -1 -1 -1
58 1206: -1 -1 -1 -1
58 1207: -1 -1 -1 -1
58 1208: -1 -1 -1 -1
58 1209: -1 -1 -1 -1
58 1210: -1 -1 -1 -1
58 1211: -1 -1 -1 -1
58 1212: -1 -1 -1 -1
58 1213: -1 -1 -1 -1
58 1214: -1 -1 -1 -1
58 1215: -1 -1 -1 -1
58 1216: -1 -1 -1 -1
58 1217: -1 -1 -1 -1
58 1218: -1 -1 -1 -1
58 1219: -1 -1 -1 -1
58 1220: -1 -1 -1 -1
58 1221: -1 -1 -1 -1
58 1222: -1 -1 -1 -1
58 1223: -1 -1 -1 -1
58 1224: -1 -1 -1 -1
58 1225: -1 -1 -1 -1
58 1226: -1 -1 -1 -1
58 1227: -1 -1 -1 -1
58 1228: -1 -1 -1 -1
58 1229: -1 -1 -1 -1
58 1230: -1 -1 -1 -1
58 1231: -1 -1 -1 -1
58 1232: -1 -1 -1 -1
58 1233: -1 -1 -1 -1
58 1234: -1 -1 -1 -1
58 1235: -1 -1 -1 -1
58 1236: -1 -1 -1 -1
58 1237: -1 -1 -1 -1
58 1238: -1 -1 -1 -1
58 1239: -1 -1 -1 -1
58 1240: -1 -1 -1 -1
59 1195: -1 -1 -1 -1
59 1196: -1 -1 -1 -1
59 1197: -1 -1 -1 -1
59 1198: -1 -1 -1 -1
59 1199: -1 -1 -1 -1
59 1200: -1 -1 -1 -1
59 1201: -1 -1 -1 -1
59 1202: -1 -1 -1 -1
59 1203: -1 -1 -1 -1
59 1204: -1 -1 -1 -1
59 1205: -1 -1 -1 -1
59 1206: -1 -1 -1 -1
59 1207: -1 -1 -1 -1
59 1208: -1 -1 -1 -1
59 1209: -1 -1 -1 -1
59 1210: -1 -1 -1 -1
59 1211: -1 -1 -1 -1
59 1212: -1 -1 -1 -1
59 1213: -1 -1 -1 -1
59 1214: -1 -1 -1 -1
59 1215: -1 -1 -1 -1
59 1216: -1 -1 -1 -1
59 1217: 0 0 0 0
59 1218: 0 0 0 0
59 1219: 1 1 1 1
59 1220: 0 0 0 0
59 1221: 0 0 0 0
59 1222: -1 -1 -1 -1
59 1223: -1 -1 -1 -1
59 1224: -1 -1 -1 -1
59 1225: -1 -1 -1 -1
59 1226: -1 -1 -1 -1
59 1227: -1 -1 -1 -1
59 1228: -1 -1 -1 -1
59 1229: -1 -1 -1 -1
59 1230: -1 -1 -1 -1
59 1231: -1 -1 -1 -1
59 1232: -1 -1 -1 -1
59 1233: -1 -1 -1 -1
59 1234: -1 -1 -1 -1
59 1235: -1 -1 -1 -1
59 1236: -1 -1 -1 -1
59 1237: -1 -1 -1 -1
59 1238: -1 -1 -1 -1
59 1239: -1 -1 -1 -1
59 1240: -1 -1 -1 -1
60 1195: -1 -1 -1 -1
60 1196: -1 -1 -1 -1
60 1197: -1 -1 -1 -1
60 1198: -1 -1 -1 -1
60 1199: -1 -1 -1 -1
60 1200: -1 -1 -1 -1
60 1201: -1 -1 -1 -1
60 1202: -1 -1 -1 -1
60 1203: -1 -1 -1 -1
60 1204: -1 -1 -1 -1
60 1205: -1 -1 -1 -1
60 1206: -1 -1 -1 -1
60 1207: -1 -1 -1 -1
60 1208: -1 -1 -1 -1
60 1209: -1 -1 -1 -1
60 1210: -1 -1 -1 -1
60 1211: -1 -1 -1 -1
60 1212: -1 -1 -1 -1
60 1213: -1 -1 -1 -1
60 1214: -1 -1 -1 -1
60 1215: 0 0 0 0
60 1216: 0 0 0 0
60 1217: 1 1 1 1
60 1218: 1 1 1 1
60 1219: 1 1 1 1
60 1220: 1 1 1 1
60 1221: 1 1 1 1
60 1222: 0 0 0 0
60 1223: 0 0 0 0
60 1224: -1 -1 -1 -1
60 1225: -1 -1 -1 -1
60 1226: -1 -1 -1 -1
60 1227: -1 -1 -1 -1
60 1228: -1 -1 -1 -1
60 1229: -1 -1 -1 -1
60 1230: -1 -1 -1 -1
60 1231: -1 -1 -1 -1
60 1232: -1 -1 -1 -1
60 1233: -1 -1 -1 -1
60 1234: -1 -1 -1 -1
60 1235: -1 -1 -1 -1
60 1236: -1 -1 -1 -1
60 1237: -1 -1 -1 -1
60 1238: -1 -1 -1 -1
60 1239: -1 -1 -1 -1
60 1240: -1 -1 -1 -1
