peak 3 17
-3 -3: 8 9 9 0 0 0 0 0 0 0
-3 -2: 8 9 9 0 0 0 0 0 0 0
-3 -1: 8 9 9 0 0 0 0 0 0 0
-3 0: 8 9 9 0 0 0 0 0 0 0
-3 1: 8 9 9 0 0 0 0 0 0 0
-3 2: 8 9 9 0 0 0 0 0 0 0
-3 3: 8 9 9 0 0 0 0 0 0 0
-3 4: 8 9 9 0 0 0 0 0 0 0
-3 5: 8 9 9 0 0 0 0 0 0 0
-3 6: 8 9 9 0 0 0 0 0 0 0
-3 7: 8 9 9 0 0 0 0 0 0 0
-3 8: 8 9 9 0 0 0 0 0 0 0
-3 9: 8 9 9 0 0 0 0 0 0 0
-3 10: 8 9 9 0 0 0 0 0 0 0
-3 11: 8 9 9 0 0 0 0 0 0 0
-3 12: 8 9 9 0 0 0 0 0 0 0
-3 13: 8 9 9 0 0 0 0 0 0 0
-3 14: 8 9 9 0 0 0 0 0 0 0
-3 15: 8 9 9 0 0 0 0 0 0 0
-3 16: 8 8 9 0 0 0 0 0 0 0
-3 17: 8 8 8 0 0 0 0 0 0 0
-3 18: 8 8 9 0 0 0 0 0 0 0
-3 19: 8 9 9 0 0 0 0 0 0 0
-3 20: 8 9 9 0 0 0 0 0 0 0
-3 21: 8 9 9 0 0 0 0 0 0 0
-3 22: 8 9 9 0 0 0 0 0 0 0
-3 23: 8 9 9 0 0 0 0 0 0 0
-3 24: 8 9 9 0 0 0 0 0 0 0
-3 25: 8 9 9 0 0 0 0 0 0 0
-3 26: 8 9 9 0 0 0 0 0 0 0
-3 27: 8 9 9 0 0 0 0 0 0 0
-3 28: 8 9 9 0 0 0 0 0 0 0
-3 29: 8 9 9 0 0 0 0 0 0 0
-3 30: 8 9 9 0 0 0 0 0 0 0
-2 -3: 8 9 9 0 0 0 0 0 0 0
-2 -2: 8 9 9 0 0 0 0 0 0 0
-2 -1: 8 9 9 0 0 0 0 0 0 0
-2 0: 8 9 9 0 0 0 0 0 0 0
-2 1: 8 9 9 0 0 0 0 0 0 0
-2 2: 8 9 9 0 0 0 0 0 0 0
-2 3: 8 9 9 0 0 0 0 0 0 0
-2 4: 8 9 9 0 0 0 0 0 0 0
-2 5: 8 9 9 0 0 0 0 0 0 0
-2 6: 8 9 9 0 0 0 0 0 0 0
-2 7: 8 9 9 0 0 0 0 0 0 0
-2 8: 8 9 9 0 0 0 0 0 0 0
-2 9: 8 9 9 0 0 0 0 0 0 0
-2 10: 8 9 9 0 0 0 0 0 0 0
-2 11: 8 9 9 0 0 0 0 0 0 0
-2 12: 8 9 9 0 0 0 0 0 0 0
-2 13: 8 9 9 0 0 0 0 0 0 0
-2 14: 8 9 9 0 0 0 0 0 0 0
-2 15: 8 8 9 0 0 0 0 0 0 0
-2 16: 8 8 8 0 0 0 0 0 0 0
-2 17: 8 8 8 1 0 0 0 0 0 0
-2 18: 8 8 8 0 0 0 0 0 0 0
-2 19: 8 8 9 0 0 0 0 0 0 0
-2 20: 8 9 9 0 0 0 0 0 0 0
-2 21: 8 9 9 0 0 0 0 0 0 0
-2 22: 8 9 9 0 0 0 0 0 0 0
-2 23: 8 9 9 0 0 0 0 0 0 0
-2 24: 8 9 9 0 0 0 0 0 0 0
-2 25: 8 9 9 0 0 0 0 0 0 0
-2 26: 8 9 9 0 0 0 0 0 0 0
-2 27: 8 9 9 0 0 0 0 0 0 0
-2 28: 8 9 9 0 0 0 0 0 0 0
-2 29: 8 9 9 0 0 0 0 0 0 0
-2 30: 8 9 9 0 0 0 0 0 0 0
-1 -3: 8 9 9 0 0 0 0 0 0 0
-1 -2: 8 9 9 0 0 0 0 0 0 0
-1 -1: 8 9 9 0 0 0 0 0 0 0
-1 0: 8 9 9 0 0 0 0 0 0 0
-1 1: 8 9 9 0 0 0 0 0 0 0
-1 2: 8 9 9 0 0 0 0 0 0 0
-1 3: 8 9 9 0 0 0 0 0 0 0
-1 4: 8 9 9 0 0 0 0 0 0 0
-1 5: 8 9 9 0 0 0 0 0 0 0
-1 6: 8 9 9 0 0 0 0 0 0 0
-1 7: 8 9 9 0 0 0 0 0 0 0
-1 8: 8 9 9 0 0 0 0 0 0 0
-1 9: 8 9 9 0 0 0 0 0 0 0
-1 10: 8 9 9 0 0 0 0 0 0 0
-1 11: 8 9 9 0 0 0 0 0 0 0
-1 12: 8 9 9 0 0 0 0 0 0 0
-1 13: 8 9 9 0 0 0 0 0 0 0
-1 14: 8 8 9 0 0 0 0 0 0 0
-1 15: 8 8 8 0 0 0 0 0 0 0
-1 16: 8 8 8 1 0 0 0 0 0 0
-1 17: 8 8 8 2 1 0 0 0 0 0
-1 18: 8 8 8 1 0 0 0 0 0 0
-1 19: 8 8 8 0 0 0 0 0 0 0
-1 20: 8 8 9 0 0 0 0 0 0 0
-1 21: 8 9 9 0 0 0 0 0 0 0
-1 22: 8 9 9 0 0 0 0 0 0 0
-1 23: 8 9 9 0 0 0 0 0 0 0
-1 24: 8 9 9 0 0 0 0 0 0 0
-1 25: 8 9 9 0 0 0 0 0 0 0
-1 26: 8 9 9 0 0 0 0 0 0 0
-1 27: 8 9 9 0 0 0 0 0 0 0
-1 28: 8 9 9 0 0 0 0 0 0 0
-1 29: 8 9 9 0 0 0 0 0 0 0
-1 30: 8 9 9 0 0 0 0 0 0 0
0 -3: 8 9 9 0 0 0 0 0 0 0
0 -2: 8 9 9 0 0 0 0 0 0 0
0 -1: 8 9 9 0 0 0 0 0 0 0
0 0: 8 9 9 0 0 0 0 0 0 0
0 1: 8 9 9 0 0 0 0 0 0 0
0 2: 8 9 9 0 0 0 0 0 0 0
0 3: 8 9 9 0 0 0 0 0 0 0
0 4: 8 9 9 0 0 0 0 0 0 0
0 5: 8 9 9 0 0 0 0 0 0 0
0 6: 8 9 9 0 0 0 0 0 0 0
0 7: 8 9 9 0 0 0 0 0 0 0
0 8: 8 9 9 0 0 0 0 0 0 0
0 9: 8 9 9 0 0 0 0 0 0 0
0 10: 8 9 9 0 0 0 0 0 0 0
0 11: 8 9 9 0 0 0 0 0 0 0
0 12: 8 9 9 0 0 0 0 0 0 0
0 13: 8 8 9 0 0 0 0 0 0 0
0 14: 8 8 8 0 0 0 0 0 0 0
0 15: 8 8 8 1 0 0 0 0 0 0
0 16: 8 8 8 2 1 0 0 0 0 0
0 17: 8 8 8 2 2 1 0 0 0 0
0 18: 8 8 8 2 1 0 0 0 0 0
0 19: 8 8 8 1 0 0 0 0 0 0
0 20: 8 8 8 0 0 0 0 0 0 0
0 21: 8 8 9 0 0 0 0 0 0 0
0 22: 8 9 9 0 0 0 0 0 0 0
0 23: 8 9 9 0 0 0 0 0 0 0
0 24: 8 9 9 0 0 0 0 0 0 0
0 25: 8 9 9 0 0 0 0 0 0 0
0 26: 8 9 9 0 0 0 0 0 0 0
0 27: 8 9 9 0 0 0 0 0 0 0
0 28: 8 9 9 0 0 0 0 0 0 0
0 29: 8 9 9 0 0 0 0 0 0 0
0 30: 8 9 9 0 0 0 0 0 0 0
1 -3: 8 9 9 0 0 0 0 0 0 0
1 -2: 8 9 9 0 0 0 0 0 0 0
1 -1: 8 9 9 0 0 0 0 0 0 0
1 0: 8 9 9 0 0 0 0 0 0 0
1 1: 8 9 9 0 0 0 0 0 0 0
1 2: 8 9 9 0 0 0 0 0 0 0
1 3: 8 9 9 0 0 0 0 0 0 0
1 4: 8 9 9 0 0 0 0 0 0 0
1 5: 8 9 9 0 0 0 0 0 0 0
1 6: 8 9 9 0 0 0 0 0 0 0
1 7: 8 9 9 0 0 0 0 0 0 0
1 8: 8 9 9 0 0 0 0 0 0 0
1 9: 8 9 9 0 0 0 0 0 0 0
1 10: 8 9 9 0 0 0 0 0 0 0
1 11: 8 9 9 0 0 0 0 0 0 0
1 12: 8 8 9 0 0 0 0 0 0 0
1 13: 8 8 8 0 0 0 0 0 0 0
1 14: 8 8 8 1 0 0 0 0 0 0
1 15: 8 8 8 2 1 0 0 0 0 0
1 16: 8 8 8 2 2 1 0 0 0 0
1 17: 8 8 8 2 2 2 1 0 0 0
1 18: 8 8 8 2 2 1 0 0 0 0
1 19: 8 8 8 2 1 0 0 0 0 0
1 20: 8 8 8 1 0 0 0 0 0 0
1 21: 8 8 8 0 0 0 0 0 0 0
1 22: 8 8 9 0 0 0 0 0 0 0
1 23: 8 9 9 0 0 0 0 0 0 0
1 24: 8 9 9 0 0 0 0 0 0 0
1 25: 8 9 9 0 0 0 0 0 0 0
1 26: 8 9 9 0 0 0 0 0 0 0
1 27: 8 9 9 0 0 0 0 0 0 0
1 28: 8 9 9 0 0 0 0 0 0 0
1 29: 8 9 9 0 0 0 0 0 0 0
1 30: 8 9 9 0 0 0 0 0 0 0
2 -3: 8 9 9 0 0 0 0 0 0 0
2 -2: 8 9 9 0 0 0 0 0 0 0
2 -1: 8 9 9 0 0 0 0 0 0 0
2 0: 8 9 9 0 0 0 0 0 0 0
2 1: 8 9 9 0 0 0 0 0 0 0
2 2: 8 9 9 0 0 0 0 0 0 0
2 3: 8 9 9 0 0 0 0 0 0 0
2 4: 8 9 9 0 0 0 0 0 0 0
2 5: 8 9 9 0 0 0 0 0 0 0
2 6: 8 9 9 0 0 0 0 0 0 0
2 7: 8 9 9 0 0 0 0 0 0 0
2 8: 8 9 9 0 0 0 0 0 0 0
2 9: 8 9 9 0 0 0 0 0 0 0
2 10: 8 9 9 0 0 0 0 0 0 0
2 11: 8 8 9 0 0 0 0 0 0 0
2 12: 8 8 8 0 0 0 0 0 0 0
2 13: 8 8 8 1 0 0 0 0 0 0
2 14: 8 8 8 2 1 0 0 0 0 0
2 15: 8 8 8 2 2 1 0 0 0 0
2 16: 8 8 8 2 2 2 1 0 0 0
2 17: 8 8 8 2 2 2 2 1 0 0
2 18: 8 8 8 2 2 2 1 0 0 0
2 19: 8 8 8 2 2 1 0 0 0 0
2 20: 8 8 8 2 1 0 0 0 0 0
2 21: 8 8 8 1 0 0 0 0 0 0
2 22: 8 8 8 0 0 0 0 0 0 0
2 23: 8 8 9 0 0 0 0 0 0 0
2 24: 8 9 9 0 0 0 0 0 0 0
2 25: 8 9 9 0 0 0 0 0 0 0
2 26: 8 9 9 0 0 0 0 0 0 0
2 27: 8 9 9 0 0 0 0 0 0 0
2 28: 8 9 9 0 0 0 0 0 0 0
2 29: 8 9 9 0 0 0 0 0 0 0
2 30: 8 9 9 0 0 0 0 0 0 0
3 -3: 8 9 9 0 0 0 0 0 0 0
3 -2: 8 9 9 0 0 0 0 0 0 0
3 -1: 8 9 9 0 0 0 0 0 0 0
3 0: 8 9 9 0 0 0 0 0 0 0
3 1: 8 9 9 0 0 0 0 0 0 0
3 2: 8 9 9 0 0 0 0 0 0 0
3 3: 8 9 9 0 0 0 0 0 0 0
3 4: 8 9 9 0 0 0 0 0 0 0
3 5: 8 9 9 0 0 0 0 0 0 0
3 6: 8 9 9 0 0 0 0 0 0 0
3 7: 8 9 9 0 0 0 0 0 0 0
3 8: 8 9 9 0 0 0 0 0 0 0
3 9: 8 9 9 0 0 0 0 0 0 0
3 10: 8 8 9 0 0 0 0 0 0 0
3 11: 8 8 8 0 0 0 0 0 0 0
3 12: 8 8 8 1 0 0 0 0 0 0
3 13: 8 8 8 2 1 0 0 0 0 0
3 14: 8 8 8 2 2 1 0 0 0 0
3 15: 8 8 8 2 2 2 1 0 0 0
3 16: 8 8 8 2 2 2 2 1 0 0
3 17: 8 8 8 2 2 2 2 2 1 0
3 18: 8 8 8 2 2 2 2 1 0 0
3 19: 8 8 8 2 2 2 1 0 0 0
3 20: 8 8 8 2 2 1 0 0 0 0
3 21: 8 8 8 2 1 0 0 0 0 0
3 22: 8 8 8 1 0 0 0 0 0 0
3 23: 8 8 8 0 0 0 0 0 0 0
3 24: 8 8 9 0 0 0 0 0 0 0
3 25: 8 9 9 0 0 0 0 0 0 0
3 26: 8 9 9 0 0 0 0 0 0 0
3 27: 8 9 9 0 0 0 0 0 0 0
3 28: 8 9 9 0 0 0 0 0 0 0
3 29: 8 9 9 0 0 0 0 0 0 0
3 30: 8 9 9 0 0 0 0 0 0 0
4 -3: 8 9 9 0 0 0 0 0 0 0
4 -2: 8 9 9 0 0 0 0 0 0 0
4 -1: 8 9 9 0 0 0 0 0 0 0
4 0: 8 9 9 0 0 0 0 0 0 0
4 1: 8 9 9 0 0 0 0 0 0 0
4 2: 8 9 9 0 0 0 0 0 0 0
4 3: 8 9 9 0 0 0 0 0 0 0
4 4: 8 9 9 0 0 0 0 0 0 0
4 5: 8 9 9 0 0 0 0 0 0 0
4 6: 8 9 9 0 0 0 0 0 0 0
4 7: 8 9 9 0 0 0 0 0 0 0
4 8: 8 9 9 0 0 0 0 0 0 0
4 9: 8 9 9 0 0 0 0 0 0 0
4 10: 8 9 9 0 0 0 0 0 0 0
4 11: 8 8 9 0 0 0 0 0 0 0
4 12: 8 8 8 0 0 0 0 0 0 0
4 13: 8 8 8 1 0 0 0 0 0 0
4 14: 8 8 8 2 1 0 0 0 0 0
4 15: 8 8 8 2 2 1 0 0 0 0
4 16: 8 8 8 2 2 2 1 0 0 0
4 17: 8 8 8 2 2 2 2 1 0 0
4 18: 8 8 8 2 2 2 1 0 0 0
4 19: 8 8 8 2 2 1 0 0 0 0
4 20: 8 8 8 2 1 0 0 0 0 0
4 21: 8 8 8 1 0 0 0 0 0 0
4 22: 8 8 8 0 0 0 0 0 0 0
4 23: 8 8 9 0 0 0 0 0 0 0
4 24: 8 9 9 0 0 0 0 0 0 0
4 25: 8 9 9 0 0 0 0 0 0 0
4 26: 8 9 9 0 0 0 0 0 0 0
4 27: 8 9 9 0 0 0 0 0 0 0
4 28: 8 9 9 0 0 0 0 0 0 0
4 29: 8 9 9 0 0 0 0 0 0 0
4 30: 8 9 9 0 0 0 0 0 0 0
5 -3: 8 9 9 0 0 0 0 0 0 0
5 -2: 8 9 9 0 0 0 0 0 0 0
5 -1: 8 9 9 0 0 0 0 0 0 0
5 0: 8 9 9 0 0 0 0 0 0 0
5 1: 8 9 9 0 0 0 0 0 0 0
5 2: 8 9 9 0 0 0 0 0 0 0
5 3: 8 9 9 0 0 0 0 0 0 0
5 4: 8 9 9 0 0 0 0 0 0 0
5 5: 8 9 9 0 0 0 0 0 0 0
5 6: 8 9 9 0 0 0 0 0 0 0
5 7: 8 9 9 0 0 0 0 0 0 0
5 8: 8 9 9 0 0 0 0 0 0 0
5 9: 8 9 9 0 0 0 0 0 0 0
5 10: 8 9 9 0 0 0 0 0 0 0
5 11: 8 9 9 0 0 0 0 0 0 0
5 12: 8 8 9 0 0 0 0 0 0 0
5 13: 8 8 8 0 0 0 0 0 0 0
5 14: 8 8 8 1 0 0 0 0 0 0
5 15: 8 8 8 2 1 0 0 0 0 0
5 16: 8 8 8 2 2 1 0 0 0 0
5 17: 8 8 8 2 2 2 1 0 0 0
5 18: 8 8 8 2 2 1 0 0 0 0
5 19: 8 8 8 2 1 0 0 0 0 0
5 20: 8 8 8 1 0 0 0 0 0 0
5 21: 8 8 8 0 0 0 0 0 0 0
5 22: 8 8 9 0 0 0 0 0 0 0
5 23: 8 9 9 0 0 0 0 0 0 0
5 24: 8 9 9 0 0 0 0 0 0 0
5 25: 8 9 9 0 0 0 0 0 0 0
5 26: 8 9 9 0 0 0 0 0 0 0
5 27: 8 9 9 0 0 0 0 0 0 0
5 28: 8 9 9 0 0 0 0 0 0 0
5 29: 8 9 9 0 0 0 0 0 0 0
5 30: 8 9 9 0 0 0 0 0 0 0
6 -3: 8 9 9 0 0 0 0 0 0 0
6 -2: 8 9 9 0 0 0 0 0 0 0
6 -1: 8 9 9 0 0 0 0 0 0 0
6 0: 8 9 9 0 0 0 0 0 0 0
6 1: 8 9 9 0 0 0 0 0 0 0
6 2: 8 9 9 0 0 0 0 0 0 0
6 3: 8 9 9 0 0 0 0 0 0 0
6 4: 8 9 9 0 0 0 0 0 0 0
6 5: 8 9 9 0 0 0 0 0 0 0
6 6: 8 9 9 0 0 0 0 0 0 0
6 7: 8 9 9 0 0 0 0 0 0 0
6 8: 8 9 9 0 0 0 0 0 0 0
6 9: 8 9 9 0 0 0 0 0 0 0
6 10: 8 9 9 0 0 0 0 0 0 0
6 11: 8 9 9 0 0 0 0 0 0 0
6 12: 8 9 9 0 0 0 0 0 0 0
6 13: 8 8 9 0 0 0 0 0 0 0
6 14: 8 8 8 0 0 0 0 0 0 0
6 15: 8 8 8 1 0 0 0 0 0 0
6 16: 8 8 8 2 1 0 0 0 0 0
6 17: 8 8 8 2 2 1 0 0 0 0
6 18: 8 8 8 2 1 0 0 0 0 0
6 19: 8 8 8 1 0 0 0 0 0 0
6 20: 8 8 8 0 0 0 0 0 0 0
6 21: 8 8 9 0 0 0 0 0 0 0
6 22: 8 9 9 0 0 0 0 0 0 0
6 23: 8 9 9 0 0 0 0 0 0 0
6 24: 8 9 9 0 0 0 0 0 0 0
6 25: 8 9 9 0 0 0 0 0 0 0
6 26: 8 9 9 0 0 0 0 0 0 0
6 27: 8 9 9 0 0 0 0 0 0 0
6 28: 8 9 9 0 0 0 0 0 0 0
6 29: 8 9 9 0 0 0 0 0 0 0
6 30: 8 9 9 0 0 0 0 0 0 0
7 -3: 8 9 9 0 0 0 0 0 0 0
7 -2: 8 9 9 0 0 0 0 0 0 0
7 -1: 8 9 9 0 0 0 0 0 0 0
7 0: 8 9 9 0 0 0 0 0 0 0
7 1: 8 9 9 0 0 0 0 0 0 0
7 2: 8 9 9 0 0 0 0 0 0 0
7 3: 8 9 9 0 0 0 0 0 0 0
7 4: 8 9 9 0 0 0 0 0 0 0
7 5: 8 9 9 0 0 0 0 0 0 0
7 6: 8 9 9 0 0 0 0 0 0 0
7 7: 8 9 9 0 0 0 0 0 0 0
7 8: 8 9 9 0 0 0 0 0 0 0
7 9: 8 9 9 0 0 0 0 0 0 0
7 10: 8 9 9 0 0 0 0 0 0 0
7 11: 8 9 9 0 0 0 0 0 0 0
7 12: 8 9 9 0 0 0 0 0 0 0
7 13: 8 9 9 0 0 0 0 0 0 0
7 14: 8 8 9 0 0 0 0 0 0 0
7 15: 8 8 8 0 0 0 0 0 0 0
7 16: 8 8 8 1 0 0 0 0 0 0
7 17: 8 8 8 2 1 0 0 0 0 0
7 18: 8 8 8 1 0 0 0 0 0 0
7 19: 8 8 8 0 0 0 0 0 0 0
7 20: 8 8 9 0 0 0 0 0 0 0
7 21: 8 9 9 0 0 0 0 0 0 0
7 22: 8 9 9 0 0 0 0 0 0 0
7 23: 8 9 9 0 0 0 0 0 0 0
7 24: 8 9 9 0 0 0 0 0 0 0
7 25: 8 9 9 0 0 0 0 0 0 0
7 26: 8 9 9 0 0 0 0 0 0 0
7 27: 8 9 9 0 0 0 0 0 0 0
7 28: 8 9 9 0 0 0 0 0 0 0
7 29: 8 9 9 0 0 0 0 0 0 0
7 30: 8 9 9 0 0 0 0 0 0 0
8 -3: 8 9 9 0 0 0 0 0 0 0
8 -2: 8 9 9 0 0 0 0 0 0 0
8 -1: 8 9 9 0 0 0 0 0 0 0
8 0: 8 9 9 0 0 0 0 0 0 0
8 1: 8 9 9 0 0 0 0 0 0 0
8 2: 8 9 9 0 0 0 0 0 0 0
8 3: 8 9 9 0 0 0 0 0 0 0
8 4: 8 9 9 0 0 0 0 0 0 0
8 5: 8 9 9 0 0 0 0 0 0 0
8 6: 8 9 9 0 0 0 0 0 0 0
8 7: 8 9 9 0 0 0 0 0 0 0
8 8: 8 9 9 0 0 0 0 0 0 0
8 9: 8 9 9 0 0 0 0 0 0 0
8 10: 8 9 9 0 0 0 0 0 0 0
8 11: 8 9 9 0 0 0 0 0 0 0
8 12: 8 9 9 0 0 0 0 0 0 0
8 13: 8 9 9 0 0 0 0 0 0 0
8 14: 8 9 9 0 0 0 0 0 0 0
8 15: 8 8 9 0 0 0 0 0 0 0
8 16: 8 8 8 0 0 0 0 0 0 0
8 17: 8 8 8 1 0 0 0 0 0 0
8 18: 8 8 8 0 0 0 0 0 0 0
8 19: 8 8 9 0 0 0 0 0 0 0
8 20: 8 9 9 0 0 0 0 0 0 0
8 21: 8 9 9 0 0 0 0 0 0 0
8 22: 8 9 9 0 0 0 0 0 0 0
8 23: 8 9 9 0 0 0 0 0 0 0
8 24: 8 9 9 0 0 0 0 0 0 0
8 25: 8 9 9 0 0 0 0 0 0 0
8 26: 8 9 9 0 0 0 0 0 0 0
8 27: 8 9 9 0 0 0 0 0 0 0
8 28: 8 9 9 0 0 0 0 0 0 0
8 29: 8 9 9 0 0 0 0 0 0 0
8 30: 8 9 9 0 0 0 0 0 0 0
9 -3: 8 9 9 0 0 0 0 0 0 0
9 -2: 8 9 9 0 0 0 0 0 0 0
9 -1: 8 9 9 0 0 0 0 0 0 0
9 0: 8 9 9 0 0 0 0 0 0 0
9 1: 8 9 9 0 0 0 0 0 0 0
9 2: 8 9 9 0 0 0 0 0 0 0
9 3: 8 9 9 0 0 0 0 0 0 0
9 4: 8 9 9 0 0 0 0 0 0 0
9 5: 8 9 9 0 0 0 0 0 0 0
9 6: 8 9 9 0 0 0 0 0 0 0
9 7: 8 9 9 0 0 0 0 0 0 0
9 8: 8 9 9 0 0 0 0 0 0 0
9 9: 8 9 9 0 0 0 0 0 0 0
9 10: 8 9 9 0 0 0 0 0 0 0
9 11: 8 9 9 0 0 0 0 0 0 0
9 12: 8 9 9 0 0 0 0 0 0 0
9 13: 8 9 9 0 0 0 0 0 0 0
9 14: 8 9 9 0 0 0 0 0 0 0
9 15: 8 9 9 0 0 0 0 0 0 0
9 16: 8 8 9 0 0 0 0 0 0 0
9 17: 8 8 8 0 0 0 0 0 0 0
9 18: 8 8 9 0 0 0 0 0 0 0
9 19: 8 9 9 0 0 0 0 0 0 0
9 20: 8 9 9 0 0 0 0 0 0 0
9 21: 8 9 9 0 0 0 0 0 0 0
9 22: 8 9 9 0 0 0 0 0 0 0
9 23: 8 9 9 0 0 0 0 0 0 0
9 24: 8 9 9 0 0 0 0 0 0 0
9 25: 8 9 9 0 0 0 0 0 0 0
9 26: 8 9 9 0 0 0 0 0 0 0
9 27: 8 9 9 0 0 0 0 0 0 0
9 28: 8 9 9 0 0 0 0 0 0 0
9 29: 8 9 9 0 0 0 0 0 0 0
9 30: 8 9 9 0 0 0 0 0 0 0
10 -3: 8 9 9 0 0 0 0 0 0 0
10 -2: 8 9 9 0 0 0 0 0 0 0
10 -1: 8 9 9 0 0 0 0 0 0 0
10 0: 8 9 9 0 0 0 0 0 0 0
10 1: 8 9 9 0 0 0 0 0 0 0
10 2: 8 9 9 0 0 0 0 0 0 0
10 3: 8 9 9 0 0 0 0 0 0 0
10 4: 8 9 9 0 0 0 0 0 0 0
10 5: 8 9 9 0 0 0 0 0 0 0
10 6: 8 9 9 0 0 0 0 0 0 0
10 7: 8 9 9 0 0 0 0 0 0 0
10 8: 8 9 9 0 0 0 0 0 0 0
10 9: 8 9 9 0 0 0 0 0 0 0
10 10: 8 9 9 0 0 0 0 0 0 0
10 11: 8 9 9 0 0 0 0 0 0 0
10 12: 8 9 9 0 0 0 0 0 0 0
10 13: 8 9 9 0 0 0 0 0 0 0
10 14: 8 9 9 0 0 0 0 0 0 0
10 15: 8 9 9 0 0 0 0 0 0 0
10 16: 8 9 9 0 0 0 0 0 0 0
10 17: 8 8 9 0 0 0 0 0 0 0
10 18: 8 9 9 0 0 0 0 0 0 0
10 19: 8 9 9 0 0 0 0 0 0 0
10 20: 8 9 9 0 0 0 0 0 0 0
10 21: 8 9 9 0 0 0 0 0 0 0
10 22: 8 9 9 0 0 0 0 0 0 0
10 23: 8 9 9 0 0 0 0 0 0 0
10 24: 8 9 9 0 0 0 0 0 0 0
10 25: 8 9 9 0 0 0 0 0 0 0
10 26: 8 9 9 0 0 0 0 0 0 0
10 27: 8 9 9 0 0 0 0 0 0 0
10 28: 8 9 9 0 0 0 0 0 0 0
10 29: 8 9 9 0 0 0 0 0 0 0
10 30: 8 9 9 0 0 0 0 0 0 0
11 -3: 8 9 9 0 0 0 0 0 0 0
11 -2: 8 9 9 0 0 0 0 0 0 0
11 -1: 8 9 9 0 0 0 0 0 0 0
11 0: 8 9 9 0 0 0 0 0 0 0
11 1: 8 9 9 0 0 0 0 0 0 0
11 2: 8 9 9 0 0 0 0 0 0 0
11 3: 8 9 9 0 0 0 0 0 0 0
11 4: 8 9 9 0 0 0 0 0 0 0
11 5: 8 9 9 0 0 0 0 0 0 0
11 6: 8 9 9 0 0 0 0 0 0 0
11 7: 8 9 9 0 0 0 0 0 0 0
11 8: 8 9 9 0 0 0 0 0 0 0
11 9: 8 9 9 0 0 0 0 0 0 0
11 10: 8 9 9 0 0 0 0 0 0 0
11 11: 8 9 9 0 0 0 0 0 0 0
11 12: 8 9 9 0 0 0 0 0 0 0
11 13: 8 9 9 0 0 0 0 0 0 0
11 14: 8 9 9 0 0 0 0 0 0 0
11 15: 8 9 9 0 0 0 0 0 0 0
11 16: 8 9 9 0 0 0 0 0 0 0
11 17: 8 9 9 0 0 0 0 0 0 0
11 18: 8 9 9 0 0 0 0 0 0 0
11 19: 8 9 9 0 0 0 0 0 0 0
11 20: 8 9 9 0 0 0 0 0 0 0
11 21: 8 9 9 0 0 0 0 0 0 0
11 22: 8 9 9 0 0 0 0 0 0 0
11 23: 8 9 9 0 0 0 0 0 0 0
11 24: 8 9 9 0 0 0 0 0 0 0
11 25: 8 9 9 0 0 0 0 0 0 0
11 26: 8 9 9 0 0 0 0 0 0 0
11 27: 8 9 9 0 0 0 0 0 0 0
11 28: 8 9 9 0 0 0 0 0 0 0
11 29: 8 9 9 0 0 0 0 0 0 0
11 30: 8 9 9 0 0 0 0 0 0 0
12 -3: 8 9 9 0 0 0 0 0 0 0
12 -2: 8 9 9 0 0 0 0 0 0 0
12 -1: 8 9 9 0 0 0 0 0 0 0
12 0: 8 9 9 0 0 0 0 0 0 0
12 1: 8 9 9 0 0 0 0 0 0 0
12 2: 8 9 9 0 0 0 0 0 0 0
12 3: 8 9 9 0 0 0 0 0 0 0
12 4: 8 9 9 0 0 0 0 0 0 0
12 5: 8 9 9 0 0 0 0 0 0 0
12 6: 8 9 9 0 0 0 0 0 0 0
12 7: 8 9 9 0 0 0 0 0 0 0
12 8: 8 9 9 0 0 0 0 0 0 0
12 9: 8 9 9 0 0 0 0 0 0 0
12 10: 8 9 9 0 0 0 0 0 0 0
12 11: 8 9 9 0 0 0 0 0 0 0
12 12: 8 9 9 0 0 0 0 0 0 0
12 13: 8 9 9 0 0 0 0 0 0 0
12 14: 8 9 9 0 0 0 0 0 0 0
12 15: 8 9 9 0 0 0 0 0 0 0
12 16: 8 9 9 0 0 0 0 0 0 0
12 17: 8 9 9 0 0 0 0 0 0 0
12 18: 8 9 9 0 0 0 0 0 0 0
12 19: 8 9 9 0 0 0 0 0 0 0
12 20: 8 9 9 0 0 0 0 0 0 0
12 21: 8 9 9 0 0 0 0 0 0 0
12 22: 8 9 9 0 0 0 0 0 0 0
12 23: 8 9 9 0 0 0 0 0 0 0
12 24: 8 9 9 0 0 0 0 0 0 0
12 25: 8 9 9 0 0 0 0 0 0 0
12 26: 8 9 9 0 0 0 0 0 0 0
12 27: 8 9 9 0 0 0 0 0 0 0
12 28: 8 9 9 0 0 0 0 0 0 0
12 29: 8 9 9 0 0 0 0 0 0 0
12 30: 8 9 9 0 0 0 0 0 0 0
13 -3: 8 9 9 0 0 0 0 0 0 0
13 -2: 8 9 9 0 0 0 0 0 0 0
13 -1: 8 9 9 0 0 0 0 0 0 0
13 0: 8 9 9 0 0 0 0 0 0 0
13 1: 8 9 9 0 0 0 0 0 0 0
13 2: 8 9 9 0 0 0 0 0 0 0
13 3: 8 9 9 0 0 0 0 0 0 0
13 4: 8 9 9 0 0 0 0 0 0 0
13 5: 8 9 9 0 0 0 0 0 0 0
13 6: 8 9 9 0 0 0 0 0 0 0
13 7: 8 9 9 0 0 0 0 0 0 0
13 8: 8 9 9 0 0 0 0 0 0 0
13 9: 8 9 9 0 0 0 0 0 0 0
13 10: 8 9 9 0 0 0 0 0 0 0
13 11: 8 9 9 0 0 0 0 0 0 0
13 12: 8 9 9 0 0 0 0 0 0 0
13 13: 8 9 9 0 0 0 0 0 0 0
13 14: 8 9 9 0 0 0 0 0 0 0
13 15: 8 9 9 0 0 0 0 0 0 0
13 16: 8 9 9 0 0 0 0 0 0 0
13 17: 8 9 9 0 0 0 0 0 0 0
13 18: 8 9 9 0 0 0 0 0 0 0
13 19: 8 9 9 0 0 0 0 0 0 0
13 20: 8 9 9 0 0 0 0 0 0 0
13 21: 8 9 9 0 0 0 0 0 0 0
13 22: 8 9 9 0 0 0 0 0 0 0
13 23: 8 9 9 0 0 0 0 0 0 0
13 24: 8 9 9 0 0 0 0 0 0 0
13 25: 8 9 9 0 0 0 0 0 0 0
13 26: 8 9 9 0 0 0 0 0 0 0
13 27: 8 9 9 0 0 0 0 0 0 0
13 28: 8 9 9 0 0 0 0 0 0 0
13 29: 8 9 9 0 0 0 0 0 0 0
13 30: 8 9 9 0 0 0 0 0 0 0
14 -3: 8 9 9 0 0 0 0 0 0 0
14 -2: 8 9 9 0 0 0 0 0 0 0
14 -1: 8 9 9 0 0 0 0 0 0 0
14 0: 8 9 9 0 0 0 0 0 0 0
14 1: 8 9 9 0 0 0 0 0 0 0
14 2: 8 9 9 0 0 0 0 0 0 0
14 3: 8 9 9 0 0 0 0 0 0 0
14 4: 8 9 9 0 0 0 0 0 0 0
14 5: 8 9 9 0 0 0 0 0 0 0
14 6: 8 9 9 0 0 0 0 0 0 0
14 7: 8 9 9 0 0 0 0 0 0 0
14 8: 8 9 9 0 0 0 0 0 0 0
14 9: 8 9 9 0 0 0 0 0 0 0
14 10: 8 9 9 0 0 0 0 0 0 0
14 11: 8 9 9 0 0 0 0 0 0 0
14 12: 8 9 9 0 0 0 0 0 0 0
14 13: 8 9 9 0 0 0 0 0 0 0
14 14: 8 9 9 0 0 0 0 0 0 0
14 15: 8 9 9 0 0 0 0 0 0 0
14 16: 8 9 9 0 0 0 0 0 0 0
14 17: 8 9 9 0 0 0 0 0 0 0
14 18: 8 9 9 0 0 0 0 0 0 0
14 19: 8 9 9 0 0 0 0 0 0 0
14 20: 8 9 9 0 0 0 0 0 0 0
14 21: 8 9 9 0 0 0 0 0 0 0
14 22: 8 9 9 0 0 0 0 0 0 0
14 23: 8 9 9 0 0 0 0 0 0 0
14 24: 8 9 9 0 0 0 0 0 0 0
14 25: 8 9 9 0 0 0 0 0 0 0
14 26: 8 9 9 0 0 0 0 0 0 0
14 27: 8 9 9 0 0 0 0 0 0 0
14 28: 8 9 9 0 0 0 0 0 0 0
14 29: 8 9 9 0 0 0 0 0 0 0
14 30: 8 9 9 0 0 0 0 0 0 0
peak 0 0
-3 -3: 8 8 8 0 0 0 0 0 0 0
-3 -2: 8 8 8 1 0 0 0 0 0 0
-3 -1: 8 8 8 2 1 0 0 0 0 0
-3 0: 8 8 8 2 2 1 0 0 0 0
-3 1: 8 8 8 2 1 0 0 0 0 0
-3 2: 8 8 8 1 0 0 0 0 0 0
-3 3: 8 8 8 0 0 0 0 0 0 0
-3 4: 8 8 9 0 0 0 0 0 0 0
-3 5: 8 9 9 0 0 0 0 0 0 0
-3 6: 8 9 9 0 0 0 0 0 0 0
-3 7: 8 9 9 0 0 0 0 0 0 0
-3 8: 8 9 9 0 0 0 0 0 0 0
-3 9: 8 9 9 0 0 0 0 0 0 0
-3 10: 8 9 9 0 0 0 0 0 0 0
-3 11: 8 9 9 0 0 0 0 0 0 0
-3 12: 8 9 9 0 0 0 0 0 0 0
-3 13: 8 9 9 0 0 0 0 0 0 0
-3 14: 8 9 9 0 0 0 0 0 0 0
-3 15: 8 9 9 0 0 0 0 0 0 0
-3 16: 8 9 9 0 0 0 0 0 0 0
-3 17: 8 9 9 0 0 0 0 0 0 0
-3 18: 8 9 9 0 0 0 0 0 0 0
-3 19: 8 9 9 0 0 0 0 0 0 0
-3 20: 8 9 9 0 0 0 0 0 0 0
-3 21: 8 9 9 0 0 0 0 0 0 0
-3 22: 8 9 9 0 0 0 0 0 0 0
-3 23: 8 9 9 0 0 0 0 0 0 0
-3 24: 8 9 9 0 0 0 0 0 0 0
-3 25: 8 9 9 0 0 0 0 0 0 0
-3 26: 8 9 9 0 0 0 0 0 0 0
-3 27: 8 9 9 0 0 0 0 0 0 0
-3 28: 8 9 9 0 0 0 0 0 0 0
-3 29: 8 9 9 0 0 0 0 0 0 0
-3 30: 8 9 9 0 0 0 0 0 0 0
-2 -3: 8 8 8 1 0 0 0 0 0 0
-2 -2: 8 8 8 2 1 0 0 0 0 0
-2 -1: 8 8 8 2 2 1 0 0 0 0
-2 0: 8 8 8 2 2 2 1 0 0 0
-2 1: 8 8 8 2 2 1 0 0 0 0
-2 2: 8 8 8 2 1 0 0 0 0 0
-2 3: 8 8 8 1 0 0 0 0 0 0
-2 4: 8 8 8 0 0 0 0 0 0 0
-2 5: 8 8 9 0 0 0 0 0 0 0
-2 6: 8 9 9 0 0 0 0 0 0 0
-2 7: 8 9 9 0 0 0 0 0 0 0
-2 8: 8 9 9 0 0 0 0 0 0 0
-2 9: 8 9 9 0 0 0 0 0 0 0
-2 10: 8 9 9 0 0 0 0 0 0 0
-2 11: 8 9 9 0 0 0 0 0 0 0
-2 12: 8 9 9 0 0 0 0 0 0 0
-2 13: 8 9 9 0 0 0 0 0 0 0
-2 14: 8 9 9 0 0 0 0 0 0 0
-2 15: 8 9 9 0 0 0 0 0 0 0
-2 16: 8 9 9 0 0 0 0 0 0 0
-2 17: 8 9 9 0 0 0 0 0 0 0
-2 18: 8 9 9 0 0 0 0 0 0 0
-2 19: 8 9 9 0 0 0 0 0 0 0
-2 20: 8 9 9 0 0 0 0 0 0 0
-2 21: 8 9 9 0 0 0 0 0 0 0
-2 22: 8 9 9 0 0 0 0 0 0 0
-2 23: 8 9 9 0 0 0 0 0 0 0
-2 24: 8 9 9 0 0 0 0 0 0 0
-2 25: 8 9 9 0 0 0 0 0 0 0
-2 26: 8 9 9 0 0 0 0 0 0 0
-2 27: 8 9 9 0 0 0 0 0 0 0
-2 28: 8 9 9 0 0 0 0 0 0 0
-2 29: 8 9 9 0 0 0 0 0 0 0
-2 30: 8 9 9 0 0 0 0 0 0 0
-1 -3: 8 8 8 2 1 0 0 0 0 0
-1 -2: 8 8 8 2 2 1 0 0 0 0
-1 -1: 8 8 8 2 2 2 1 0 0 0
-1 0: 8 8 8 2 2 2 2 1 0 0
-1 1: 8 8 8 2 2 2 1 0 0 0
-1 2: 8 8 8 2 2 1 0 0 0 0
-1 3: 8 8 8 2 1 0 0 0 0 0
-1 4: 8 8 8 1 0 0 0 0 0 0
-1 5: 8 8 8 0 0 0 0 0 0 0
-1 6: 8 8 9 0 0 0 0 0 0 0
-1 7: 8 9 9 0 0 0 0 0 0 0
-1 8: 8 9 9 0 0 0 0 0 0 0
-1 9: 8 9 9 0 0 0 0 0 0 0
-1 10: 8 9 9 0 0 0 0 0 0 0
-1 11: 8 9 9 0 0 0 0 0 0 0
-1 12: 8 9 9 0 0 0 0 0 0 0
-1 13: 8 9 9 0 0 0 0 0 0 0
-1 14: 8 9 9 0 0 0 0 0 0 0
-1 15: 8 9 9 0 0 0 0 0 0 0
-1 16: 8 9 9 0 0 0 0 0 0 0
-1 17: 8 9 9 0 0 0 0 0 0 0
-1 18: 8 9 9 0 0 0 0 0 0 0
-1 19: 8 9 9 0 0 0 0 0 0 0
-1 20: 8 9 9 0 0 0 0 0 0 0
-1 21: 8 9 9 0 0 0 0 0 0 0
-1 22: 8 9 9 0 0 0 0 0 0 0
-1 23: 8 9 9 0 0 0 0 0 0 0
-1 24: 8 9 9 0 0 0 0 0 0 0
-1 25: 8 9 9 0 0 0 0 0 0 0
-1 26: 8 9 9 0 0 0 0 0 0 0
-1 27: 8 9 9 0 0 0 0 0 0 0
-1 28: 8 9 9 0 0 0 0 0 0 0
-1 29: 8 9 9 0 0 0 0 0 0 0
-1 30: 8 9 9 0 0 0 0 0 0 0
0 -3: 8 8 8 2 2 1 0 0 0 0
0 -2: 8 8 8 2 2 2 1 0 0 0
0 -1: 8 8 8 2 2 2 2 1 0 0
0 0: 8 8 8 2 2 2 2 2 1 0
0 1: 8 8 8 2 2 2 2 1 0 0
0 2: 8 8 8 2 2 2 1 0 0 0
0 3: 8 8 8 2 2 1 0 0 0 0
0 4: 8 8 8 2 1 0 0 0 0 0
0 5: 8 8 8 1 0 0 0 0 0 0
0 6: 8 8 8 0 0 0 0 0 0 0
0 7: 8 8 9 0 0 0 0 0 0 0
0 8: 8 9 9 0 0 0 0 0 0 0
0 9: 8 9 9 0 0 0 0 0 0 0
0 10: 8 9 9 0 0 0 0 0 0 0
0 11: 8 9 9 0 0 0 0 0 0 0
0 12: 8 9 9 0 0 0 0 0 0 0
0 13: 8 9 9 0 0 0 0 0 0 0
0 14: 8 9 9 0 0 0 0 0 0 0
0 15: 8 9 9 0 0 0 0 0 0 0
0 16: 8 9 9 0 0 0 0 0 0 0
0 17: 8 9 9 0 0 0 0 0 0 0
0 18: 8 9 9 0 0 0 0 0 0 0
0 19: 8 9 9 0 0 0 0 0 0 0
0 20: 8 9 9 0 0 0 0 0 0 0
0 21: 8 9 9 0 0 0 0 0 0 0
0 22: 8 9 9 0 0 0 0 0 0 0
0 23: 8 9 9 0 0 0 0 0 0 0
0 24: 8 9 9 0 0 0 0 0 0 0
0 25: 8 9 9 0 0 0 0 0 0 0
0 26: 8 9 9 0 0 0 0 0 0 0
0 27: 8 9 9 0 0 0 0 0 0 0
0 28: 8 9 9 0 0 0 0 0 0 0
0 29: 8 9 9 0 0 0 0 0 0 0
0 30: 8 9 9 0 0 0 0 0 0 0
1 -3: 8 8 8 2 1 0 0 0 0 0
1 -2: 8 8 8 2 2 1 0 0 0 0
1 -1: 8 8 8 2 2 2 1 0 0 0
1 0: 8 8 8 2 2 2 2 1 0 0
1 1: 8 8 8 2 2 2 1 0 0 0
1 2: 8 8 8 2 2 1 0 0 0 0
1 3: 8 8 8 2 1 0 0 0 0 0
1 4: 8 8 8 1 0 0 0 0 0 0
1 5: 8 8 8 0 0 0 0 0 0 0
1 6: 8 8 9 0 0 0 0 0 0 0
1 7: 8 9 9 0 0 0 0 0 0 0
1 8: 8 9 9 0 0 0 0 0 0 0
1 9: 8 9 9 0 0 0 0 0 0 0
1 10: 8 9 9 0 0 0 0 0 0 0
1 11: 8 9 9 0 0 0 0 0 0 0
1 12: 8 9 9 0 0 0 0 0 0 0
1 13: 8 9 9 0 0 0 0 0 0 0
1 14: 8 9 9 0 0 0 0 0 0 0
1 15: 8 9 9 0 0 0 0 0 0 0
1 16: 8 9 9 0 0 0 0 0 0 0
1 17: 8 9 9 0 0 0 0 0 0 0
1 18: 8 9 9 0 0 0 0 0 0 0
1 19: 8 9 9 0 0 0 0 0 0 0
1 20: 8 9 9 0 0 0 0 0 0 0
1 21: 8 9 9 0 0 0 0 0 0 0
1 22: 8 9 9 0 0 0 0 0 0 0
1 23: 8 9 9 0 0 0 0 0 0 0
1 24: 8 9 9 0 0 0 0 0 0 0
1 25: 8 9 9 0 0 0 0 0 0 0
1 26: 8 9 9 0 0 0 0 0 0 0
1 27: 8 9 9 0 0 0 0 0 0 0
1 28: 8 9 9 0 0 0 0 0 0 0
1 29: 8 9 9 0 0 0 0 0 0 0
1 30: 8 9 9 0 0 0 0 0 0 0
2 -3: 8 8 8 1 0 0 0 0 0 0
2 -2: 8 8 8 2 1 0 0 0 0 0
2 -1: 8 8 8 2 2 1 0 0 0 0
2 0: 8 8 8 2 2 2 1 0 0 0
2 1: 8 8 8 2 2 1 0 0 0 0
2 2: 8 8 8 2 1 0 0 0 0 0
2 3: 8 8 8 1 0 0 0 0 0 0
2 4: 8 8 8 0 0 0 0 0 0 0
2 5: 8 8 9 0 0 0 0 0 0 0
2 6: 8 9 9 0 0 0 0 0 0 0
2 7: 8 9 9 0 0 0 0 0 0 0
2 8: 8 9 9 0 0 0 0 0 0 0
2 9: 8 9 9 0 0 0 0 0 0 0
2 10: 8 9 9 0 0 0 0 0 0 0
2 11: 8 9 9 0 0 0 0 0 0 0
2 12: 8 9 9 0 0 0 0 0 0 0
2 13: 8 9 9 0 0 0 0 0 0 0
2 14: 8 9 9 0 0 0 0 0 0 0
2 15: 8 9 9 0 0 0 0 0 0 0
2 16: 8 9 9 0 0 0 0 0 0 0
2 17: 8 9 9 0 0 0 0 0 0 0
2 18: 8 9 9 0 0 0 0 0 0 0
2 19: 8 9 9 0 0 0 0 0 0 0
2 20: 8 9 9 0 0 0 0 0 0 0
2 21: 8 9 9 0 0 0 0 0 0 0
2 22: 8 9 9 0 0 0 0 0 0 0
2 23: 8 9 9 0 0 0 0 0 0 0
2 24: 8 9 9 0 0 0 0 0 0 0
2 25: 8 9 9 0 0 0 0 0 0 0
2 26: 8 9 9 0 0 0 0 0 0 0
2 27: 8 9 9 0 0 0 0 0 0 0
2 28: 8 9 9 0 0 0 0 0 0 0
2 29: 8 9 9 0 0 0 0 0 0 0
2 30: 8 9 9 0 0 0 0 0 0 0
3 -3: 8 8 8 0 0 0 0 0 0 0
3 -2: 8 8 8 1 0 0 0 0 0 0
3 -1: 8 8 8 2 1 0 0 0 0 0
3 0: 8 8 8 2 2 1 0 0 0 0
3 1: 8 8 8 2 1 0 0 0 0 0
3 2: 8 8 8 1 0 0 0 0 0 0
3 3: 8 8 8 0 0 0 0 0 0 0
3 4: 8 8 9 0 0 0 0 0 0 0
3 5: 8 9 9 0 0 0 0 0 0 0
3 6: 8 9 9 0 0 0 0 0 0 0
3 7: 8 9 9 0 0 0 0 0 0 0
3 8: 8 9 9 0 0 0 0 0 0 0
3 9: 8 9 9 0 0 0 0 0 0 0
3 10: 8 9 9 0 0 0 0 0 0 0
3 11: 8 9 9 0 0 0 0 0 0 0
3 12: 8 9 9 0 0 0 0 0 0 0
3 13: 8 9 9 0 0 0 0 0 0 0
3 14: 8 9 9 0 0 0 0 0 0 0
3 15: 8 9 9 0 0 0 0 0 0 0
3 16: 8 9 9 0 0 0 0 0 0 0
3 17: 8 9 9 0 0 0 0 0 0 0
3 18: 8 9 9 0 0 0 0 0 0 0
3 19: 8 9 9 0 0 0 0 0 0 0
3 20: 8 9 9 0 0 0 0 0 0 0
3 21: 8 9 9 0 0 0 0 0 0 0
3 22: 8 9 9 0 0 0 0 0 0 0
3 23: 8 9 9 0 0 0 0 0 0 0
3 24: 8 9 9 0 0 0 0 0 0 0
3 25: 8 9 9 0 0 0 0 0 0 0
3 26: 8 9 9 0 0 0 0 0 0 0
3 27: 8 9 9 0 0 0 0 0 0 0
3 28: 8 9 9 0 0 0 0 0 0 0
3 29: 8 9 9 0 0 0 0 0 0 0
3 30: 8 9 9 0 0 0 0 0 0 0
4 -3: 8 8 9 0 0 0 0 0 0 0
4 -2: 8 8 8 0 0 0 0 0 0 0
4 -1: 8 8 8 1 0 0 0 0 0 0
4 0: 8 8 8 2 1 0 0 0 0 0
4 1: 8 8 8 1 0 0 0 0 0 0
4 2: 8 8 8 0 0 0 0 0 0 0
4 3: 8 8 9 0 0 0 0 0 0 0
4 4: 8 9 9 0 0 0 0 0 0 0
4 5: 8 9 9 0 0 0 0 0 0 0
4 6: 8 9 9 0 0 0 0 0 0 0
4 7: 8 9 9 0 0 0 0 0 0 0
4 8: 8 9 9 0 0 0 0 0 0 0
4 9: 8 9 9 0 0 0 0 0 0 0
4 10: 8 9 9 0 0 0 0 0 0 0
4 11: 8 9 9 0 0 0 0 0 0 0
4 12: 8 9 9 0 0 0 0 0 0 0
4 13: 8 9 9 0 0 0 0 0 0 0
4 14: 8 9 9 0 0 0 0 0 0 0
4 15: 8 9 9 0 0 0 0 0 0 0
4 16: 8 9 9 0 0 0 0 0 0 0
4 17: 8 9 9 0 0 0 0 0 0 0
4 18: 8 9 9 0 0 0 0 0 0 0
4 19: 8 9 9 0 0 0 0 0 0 0
4 20: 8 9 9 0 0 0 0 0 0 0
4 21: 8 9 9 0 0 0 0 0 0 0
4 22: 8 9 9 0 0 0 0 0 0 0
4 23: 8 9 9 0 0 0 0 0 0 0
4 24: 8 9 9 0 0 0 0 0 0 0
4 25: 8 9 9 0 0 0 0 0 0 0
4 26: 8 9 9 0 0 0 0 0 0 0
4 27: 8 9 9 0 0 0 0 0 0 0
4 28: 8 9 9 0 0 0 0 0 0 0
4 29: 8 9 9 0 0 0 0 0 0 0
4 30: 8 9 9 0 0 0 0 0 0 0
5 -3: 8 9 9 0 0 0 0 0 0 0
5 -2: 8 8 9 0 0 0 0 0 0 0
5 -1: 8 8 8 0 0 0 0 0 0 0
5 0: 8 8 8 1 0 0 0 0 0 0
5 1: 8 8 8 0 0 0 0 0 0 0
5 2: 8 8 9 0 0 0 0 0 0 0
5 3: 8 9 9 0 0 0 0 0 0 0
5 4: 8 9 9 0 0 0 0 0 0 0
5 5: 8 9 9 0 0 0 0 0 0 0
5 6: 8 9 9 0 0 0 0 0 0 0
5 7: 8 9 9 0 0 0 0 0 0 0
5 8: 8 9 9 0 0 0 0 0 0 0
5 9: 8 9 9 0 0 0 0 0 0 0
5 10: 8 9 9 0 0 0 0 0 0 0
5 11: 8 9 9 0 0 0 0 0 0 0
5 12: 8 9 9 0 0 0 0 0 0 0
5 13: 8 9 9 0 0 0 0 0 0 0
5 14: 8 9 9 0 0 0 0 0 0 0
5 15: 8 9 9 0 0 0 0 0 0 0
5 16: 8 9 9 0 0 0 0 0 0 0
5 17: 8 9 9 0 0 0 0 0 0 0
5 18: 8 9 9 0 0 0 0 0 0 0
5 19: 8 9 9 0 0 0 0 0 0 0
5 20: 8 9 9 0 0 0 0 0 0 0
5 21: 8 9 9 0 0 0 0 0 0 0
5 22: 8 9 9 0 0 0 0 0 0 0
5 23: 8 9 9 0 0 0 0 0 0 0
5 24: 8 9 9 0 0 0 0 0 0 0
5 25: 8 9 9 0 0 0 0 0 0 0
5 26: 8 9 9 0 0 0 0 0 0 0
5 27: 8 9 9 0 0 0 0 0 0 0
5 28: 8 9 9 0 0 0 0 0 0 0
5 29: 8 9 9 0 0 0 0 0 0 0
5 30: 8 9 9 0 0 0 0 0 0 0
6 -3: 8 9 9 0 0 0 0 0 0 0
6 -2: 8 9 9 0 0 0 0 0 0 0
6 -1: 8 8 9 0 0 0 0 0 0 0
6 0: 8 8 8 0 0 0 0 0 0 0
6 1: 8 8 9 0 0 0 0 0 0 0
6 2: 8 9 9 0 0 0 0 0 0 0
6 3: 8 9 9 0 0 0 0 0 0 0
6 4: 8 9 9 0 0 0 0 0 0 0
6 5: 8 9 9 0 0 0 0 0 0 0
6 6: 8 9 9 0 0 0 0 0 0 0
6 7: 8 9 9 0 0 0 0 0 0 0
6 8: 8 9 9 0 0 0 0 0 0 0
6 9: 8 9 9 0 0 0 0 0 0 0
6 10: 8 9 9 0 0 0 0 0 0 0
6 11: 8 9 9 0 0 0 0 0 0 0
6 12: 8 9 9 0 0 0 0 0 0 0
6 13: 8 9 9 0 0 0 0 0 0 0
6 14: 8 9 9 0 0 0 0 0 0 0
6 15: 8 9 9 0 0 0 0 0 0 0
6 16: 8 9 9 0 0 0 0 0 0 0
6 17: 8 9 9 0 0 0 0 0 0 0
6 18: 8 9 9 0 0 0 0 0 0 0
6 19: 8 9 9 0 0 0 0 0 0 0
6 20: 8 9 9 0 0 0 0 0 0 0
6 21: 8 9 9 0 0 0 0 0 0 0
6 22: 8 9 9 0 0 0 0 0 0 0
6 23: 8 9 9 0 0 0 0 0 0 0
6 24: 8 9 9 0 0 0 0 0 0 0
6 25: 8 9 9 0 0 0 0 0 0 0
6 26: 8 9 9 0 0 0 0 0 0 0
6 27: 8 9 9 0 0 0 0 0 0 0
6 28: 8 9 9 0 0 0 0 0 0 0
6 29: 8 9 9 0 0 0 0 0 0 0
6 30: 8 9 9 0 0 0 0 0 0 0
7 -3: 8 9 9 0 0 0 0 0 0 0
7 -2: 8 9 9 0 0 0 0 0 0 0
7 -1: 8 9 9 0 0 0 0 0 0 0
7 0: 8 8 9 0 0 0 0 0 0 0
7 1: 8 9 9 0 0 0 0 0 0 0
7 2: 8 9 9 0 0 0 0 0 0 0
7 3: 8 9 9 0 0 0 0 0 0 0
7 4: 8 9 9 0 0 0 0 0 0 0
7 5: 8 9 9 0 0 0 0 0 0 0
7 6: 8 9 9 0 0 0 0 0 0 0
7 7: 8 9 9 0 0 0 0 0 0 0
7 8: 8 9 9 0 0 0 0 0 0 0
7 9: 8 9 9 0 0 0 0 0 0 0
7 10: 8 9 9 0 0 0 0 0 0 0
7 11: 8 9 9 0 0 0 0 0 0 0
7 12: 8 9 9 0 0 0 0 0 0 0
7 13: 8 9 9 0 0 0 0 0 0 0
7 14: 8 9 9 0 0 0 0 0 0 0
7 15: 8 9 9 0 0 0 0 0 0 0
7 16: 8 9 9 0 0 0 0 0 0 0
7 17: 8 9 9 0 0 0 0 0 0 0
7 18: 8 9 9 0 0 0 0 0 0 0
7 19: 8 9 9 0 0 0 0 0 0 0
7 20: 8 9 9 0 0 0 0 0 0 0
7 21: 8 9 9 0 0 0 0 0 0 0
7 22: 8 9 9 0 0 0 0 0 0 0
7 23: 8 9 9 0 0 0 0 0 0 0
7 24: 8 9 9 0 0 0 0 0 0 0
7 25: 8 9 9 0 0 0 0 0 0 0
7 26: 8 9 9 0 0 0 0 0 0 0
7 27: 8 9 9 0 0 0 0 0 0 0
7 28: 8 9 9 0 0 0 0 0 0 0
7 29: 8 9 9 0 0 0 0 0 0 0
7 30: 8 9 9 0 0 0 0 0 0 0
8 -3: 8 9 9 0 0 0 0 0 0 0
8 -2: 8 9 9 0 0 0 0 0 0 0
8 -1: 8 9 9 0 0 0 0 0 0 0
8 0: 8 9 9 0 0 0 0 0 0 0
8 1: 8 9 9 0 0 0 0 0 0 0
8 2: 8 9 9 0 0 0 0 0 0 0
8 3: 8 9 9 0 0 0 0 0 0 0
8 4: 8 9 9 0 0 0 0 0 0 0
8 5: 8 9 9 0 0 0 0 0 0 0
8 6: 8 9 9 0 0 0 0 0 0 0
8 7: 8 9 9 0 0 0 0 0 0 0
8 8: 8 9 9 0 0 0 0 0 0 0
8 9: 8 9 9 0 0 0 0 0 0 0
8 10: 8 9 9 0 0 0 0 0 0 0
8 11: 8 9 9 0 0 0 0 0 0 0
8 12: 8 9 9 0 0 0 0 0 0 0
8 13: 8 9 9 0 0 0 0 0 0 0
8 14: 8 9 9 0 0 0 0 0 0 0
8 15: 8 9 9 0 0 0 0 0 0 0
8 16: 8 9 9 0 0 0 0 0 0 0
8 17: 8 9 9 0 0 0 0 0 0 0
8 18: 8 9 9 0 0 0 0 0 0 0
8 19: 8 9 9 0 0 0 0 0 0 0
8 20: 8 9 9 0 0 0 0 0 0 0
8 21: 8 9 9 0 0 0 0 0 0 0
8 22: 8 9 9 0 0 0 0 0 0 0
8 23: 8 9 9 0 0 0 0 0 0 0
8 24: 8 9 9 0 0 0 0 0 0 0
8 25: 8 9 9 0 0 0 0 0 0 0
8 26: 8 9 9 0 0 0 0 0 0 0
8 27: 8 9 9 0 0 0 0 0 0 0
8 28: 8 9 9 0 0 0 0 0 0 0
8 29: 8 9 9 0 0 0 0 0 0 0
8 30: 8 9 9 0 0 0 0 0 0 0
9 -3: 8 9 9 0 0 0 0 0 0 0
9 -2: 8 9 9 0 0 0 0 0 0 0
9 -1: 8 9 9 0 0 0 0 0 0 0
9 0: 8 9 9 0 0 0 0 0 0 0
9 1: 8 9 9 0 0 0 0 0 0 0
9 2: 8 9 9 0 0 0 0 0 0 0
9 3: 8 9 9 0 0 0 0 0 0 0
9 4: 8 9 9 0 0 0 0 0 0 0
9 5: 8 9 9 0 0 0 0 0 0 0
9 6: 8 9 9 0 0 0 0 0 0 0
9 7: 8 9 9 0 0 0 0 0 0 0
9 8: 8 9 9 0 0 0 0 0 0 0
9 9: 8 9 9 0 0 0 0 0 0 0
9 10: 8 9 9 0 0 0 0 0 0 0
9 11: 8 9 9 0 0 0 0 0 0 0
9 12: 8 9 9 0 0 0 0 0 0 0
9 13: 8 9 9 0 0 0 0 0 0 0
9 14: 8 9 9 0 0 0 0 0 0 0
9 15: 8 9 9 0 0 0 0 0 0 0
9 16: 8 9 9 0 0 0 0 0 0 0
9 17: 8 9 9 0 0 0 0 0 0 0
9 18: 8 9 9 0 0 0 0 0 0 0
9 19: 8 9 9 0 0 0 0 0 0 0
9 20: 8 9 9 0 0 0 0 0 0 0
9 21: 8 9 9 0 0 0 0 0 0 0
9 22: 8 9 9 0 0 0 0 0 0 0
9 23: 8 9 9 0 0 0 0 0 0 0
9 24: 8 9 9 0 0 0 0 0 0 0
9 25: 8 9 9 0 0 0 0 0 0 0
9 26: 8 9 9 0 0 0 0 0 0 0
9 27: 8 9 9 0 0 0 0 0 0 0
9 28: 8 9 9 0 0 0 0 0 0 0
9 29: 8 9 9 0 0 0 0 0 0 0
9 30: 8 9 9 0 0 0 0 0 0 0
10 -3: 8 9 9 0 0 0 0 0 0 0
10 -2: 8 9 9 0 0 0 0 0 0 0
10 -1: 8 9 9 0 0 0 0 0 0 0
10 0: 8 9 9 0 0 0 0 0 0 0
10 1: 8 9 9 0 0 0 0 0 0 0
10 2: 8 9 9 0 0 0 0 0 0 0
10 3: 8 9 9 0 0 0 0 0 0 0
10 4: 8 9 9 0 0 0 0 0 0 0
10 5: 8 9 9 0 0 0 0 0 0 0
10 6: 8 9 9 0 0 0 0 0 0 0
10 7: 8 9 9 0 0 0 0 0 0 0
10 8: 8 9 9 0 0 0 0 0 0 0
10 9: 8 9 9 0 0 0 0 0 0 0
10 10: 8 9 9 0 0 0 0 0 0 0
10 11: 8 9 9 0 0 0 0 0 0 0
10 12: 8 9 9 0 0 0 0 0 0 0
10 13: 8 9 9 0 0 0 0 0 0 0
10 14: 8 9 9 0 0 0 0 0 0 0
10 15: 8 9 9 0 0 0 0 0 0 0
10 16: 8 9 9 0 0 0 0 0 0 0
10 17: 8 9 9 0 0 0 0 0 0 0
10 18: 8 9 9 0 0 0 0 0 0 0
10 19: 8 9 9 0 0 0 0 0 0 0
10 20: 8 9 9 0 0 0 0 0 0 0
10 21: 8 9 9 0 0 0 0 0 0 0
10 22: 8 9 9 0 0 0 0 0 0 0
10 23: 8 9 9 0 0 0 0 0 0 0
10 24: 8 9 9 0 0 0 0 0 0 0
10 25: 8 9 9 0 0 0 0 0 0 0
10 26: 8 9 9 0 0 0 0 0 0 0
10 27: 8 9 9 0 0 0 0 0 0 0
10 28: 8 9 9 0 0 0 0 0 0 0
10 29: 8 9 9 0 0 0 0 0 0 0
10 30: 8 9 9 0 0 0 0 0 0 0
11 -3: 8 9 9 0 0 0 0 0 0 0
11 -2: 8 9 9 0 0 0 0 0 0 0
11 -1: 8 9 9 0 0 0 0 0 0 0
11 0: 8 9 9 0 0 0 0 0 0 0
11 1: 8 9 9 0 0 0 0 0 0 0
11 2: 8 9 9 0 0 0 0 0 0 0
11 3: 8 9 9 0 0 0 0 0 0 0
11 4: 8 9 9 0 0 0 0 0 0 0
11 5: 8 9 9 0 0 0 0 0 0 0
11 6: 8 9 9 0 0 0 0 0 0 0
11 7: 8 9 9 0 0 0 0 0 0 0
11 8: 8 9 9 0 0 0 0 0 0 0
11 9: 8 9 9 0 0 0 0 0 0 0
11 10: 8 9 9 0 0 0 0 0 0 0
11 11: 8 9 9 0 0 0 0 0 0 0
11 12: 8 9 9 0 0 0 0 0 0 0
11 13: 8 9 9 0 0 0 0 0 0 0
11 14: 8 9 9 0 0 0 0 0 0 0
11 15: 8 9 9 0 0 0 0 0 0 0
11 16: 8 9 9 0 0 0 0 0 0 0
11 17: 8 9 9 0 0 0 0 0 0 0
11 18: 8 9 9 0 0 0 0 0 0 0
11 19: 8 9 9 0 0 0 0 0 0 0
11 20: 8 9 9 0 0 0 0 0 0 0
11 21: 8 9 9 0 0 0 0 0 0 0
11 22: 8 9 9 0 0 0 0 0 0 0
11 23: 8 9 9 0 0 0 0 0 0 0
11 24: 8 9 9 0 0 0 0 0 0 0
11 25: 8 9 9 0 0 0 0 0 0 0
11 26: 8 9 9 0 0 0 0 0 0 0
11 27: 8 9 9 0 0 0 0 0 0 0
11 28: 8 9 9 0 0 0 0 0 0 0
11 29: 8 9 9 0 0 0 0 0 0 0
11 30: 8 9 9 0 0 0 0 0 0 0
12 -3: 8 9 9 0 0 0 0 0 0 0
12 -2: 8 9 9 0 0 0 0 0 0 0
12 -1: 8 9 9 0 0 0 0 0 0 0
12 0: 8 9 9 0 0 0 0 0 0 0
12 1: 8 9 9 0 0 0 0 0 0 0
12 2: 8 9 9 0 0 0 0 0 0 0
12 3: 8 9 9 0 0 0 0 0 0 0
12 4: 8 9 9 0 0 0 0 0 0 0
12 5: 8 9 9 0 0 0 0 0 0 0
12 6: 8 9 9 0 0 0 0 0 0 0
12 7: 8 9 9 0 0 0 0 0 0 0
12 8: 8 9 9 0 0 0 0 0 0 0
12 9: 8 9 9 0 0 0 0 0 0 0
12 10: 8 9 9 0 0 0 0 0 0 0
12 11: 8 9 9 0 0 0 0 0 0 0
12 12: 8 9 9 0 0 0 0 0 0 0
12 13: 8 9 9 0 0 0 0 0 0 0
12 14: 8 9 9 0 0 0 0 0 0 0
12 15: 8 9 9 0 0 0 0 0 0 0
12 16: 8 9 9 0 0 0 0 0 0 0
12 17: 8 9 9 0 0 0 0 0 0 0
12 18: 8 9 9 0 0 0 0 0 0 0
12 19: 8 9 9 0 0 0 0 0 0 0
12 20: 8 9 9 0 0 0 0 0 0 0
12 21: 8 9 9 0 0 0 0 0 0 0
12 22: 8 9 9 0 0 0 0 0 0 0
12 23: 8 9 9 0 0 0 0 0 0 0
12 24: 8 9 9 0 0 0 0 0 0 0
12 25: 8 9 9 0 0 0 0 0 0 0
12 26: 8 9 9 0 0 0 0 0 0 0
12 27: 8 9 9 0 0 0 0 0 0 0
12 28: 8 9 9 0 0 0 0 0 0 0
12 29: 8 9 9 0 0 0 0 0 0 0
12 30: 8 9 9 0 0 0 0 0 0 0
13 -3: 8 9 9 0 0 0 0 0 0 0
13 -2: 8 9 9 0 0 0 0 0 0 0
13 -1: 8 9 9 0 0 0 0 0 0 0
13 0: 8 9 9 0 0 0 0 0 0 0
13 1: 8 9 9 0 0 0 0 0 0 0
13 2: 8 9 9 0 0 0 0 0 0 0
13 3: 8 9 9 0 0 0 0 0 0 0
13 4: 8 9 9 0 0 0 0 0 0 0
13 5: 8 9 9 0 0 0 0 0 0 0
13 6: 8 9 9 0 0 0 0 0 0 0
13 7: 8 9 9 0 0 0 0 0 0 0
13 8: 8 9 9 0 0 0 0 0 0 0
13 9: 8 9 9 0 0 0 0 0 0 0
13 10: 8 9 9 0 0 0 0 0 0 0
13 11: 8 9 9 0 0 0 0 0 0 0
13 12: 8 9 9 0 0 0 0 0 0 0
13 13: 8 9 9 0 0 0 0 0 0 0
13 14: 8 9 9 0 0 0 0 0 0 0
13 15: 8 9 9 0 0 0 0 0 0 0
13 16: 8 9 9 0 0 0 0 0 0 0
13 17: 8 9 9 0 0 0 0 0 0 0
13 18: 8 9 9 0 0 0 0 0 0 0
13 19: 8 9 9 0 0 0 0 0 0 0
13 20: 8 9 9 0 0 0 0 0 0 0
13 21: 8 9 9 0 0 0 0 0 0 0
13 22: 8 9 9 0 0 0 0 0 0 0
13 23: 8 9 9 0 0 0 0 0 0 0
13 24: 8 9 9 0 0 0 0 0 0 0
13 25: 8 9 9 0 0 0 0 0 0 0
13 26: 8 9 9 0 0 0 0 0 0 0
13 27: 8 9 9 0 0 0 0 0 0 0
13 28: 8 9 9 0 0 0 0 0 0 0
13 29: 8 9 9 0 0 0 0 0 0 0
13 30: 8 9 9 0 0 0 0 0 0 0
14 -3: 8 9 9 0 0 0 0 0 0 0
14 -2: 8 9 9 0 0 0 0 0 0 0
14 -1: 8 9 9 0 0 0 0 0 0 0
14 0: 8 9 9 0 0 0 0 0 0 0
14 1: 8 9 9 0 0 0 0 0 0 0
14 2: 8 9 9 0 0 0 0 0 0 0
14 3: 8 9 9 0 0 0 0 0 0 0
14 4: 8 9 9 0 0 0 0 0 0 0
14 5: 8 9 9 0 0 0 0 0 0 0
14 6: 8 9 9 0 0 0 0 0 0 0
14 7: 8 9 9 0 0 0 0 0 0 0
14 8: 8 9 9 0 0 0 0 0 0 0
14 9: 8 9 9 0 0 0 0 0 0 0
14 10: 8 9 9 0 0 0 0 0 0 0
14 11: 8 9 9 0 0 0 0 0 0 0
14 12: 8 9 9 0 0 0 0 0 0 0
14 13: 8 9 9 0 0 0 0 0 0 0
14 14: 8 9 9 0 0 0 0 0 0 0
14 15: 8 9 9 0 0 0 0 0 0 0
14 16: 8 9 9 0 0 0 0 0 0 0
14 17: 8 9 9 0 0 0 0 0 0 0
14 18: 8 9 9 0 0 0 0 0 0 0
14 19: 8 9 9 0 0 0 0 0 0 0
14 20: 8 9 9 0 0 0 0 0 0 0
14 21: 8 9 9 0 0 0 0 0 0 0
14 22: 8 9 9 0 0 0 0 0 0 0
14 23: 8 9 9 0 0 0 0 0 0 0
14 24: 8 9 9 0 0 0 0 0 0 0
14 25: 8 9 9 0 0 0 0 0 0 0
14 26: 8 9 9 0 0 0 0 0 0 0
14 27: 8 9 9 0 0 0 0 0 0 0
14 28: 8 9 9 0 0 0 0 0 0 0
14 29: 8 9 9 0 0 0 0 0 0 0
14 30: 8 9 9 0 0 0 0 0 0 0
peak 9 39
-3 -3: 8 9 9 0 0 0 0 0 0 0
-3 -2: 8 9 9 0 0 0 0 0 0 0
-3 -1: 8 9 9 0 0 0 0 0 0 0
-3 0: 8 9 9 0 0 0 0 0 0 0
-3 1: 8 9 9 0 0 0 0 0 0 0
-3 2: 8 9 9 0 0 0 0 0 0 0
-3 3: 8 9 9 0 0 0 0 0 0 0
-3 4: 8 9 9 0 0 0 0 0 0 0
-3 5: 8 9 9 0 0 0 0 0 0 0
-3 6: 8 9 9 0 0 0 0 0 0 0
-3 7: 8 9 9 0 0 0 0 0 0 0
-3 8: 8 9 9 0 0 0 0 0 0 0
-3 9: 8 9 9 0 0 0 0 0 0 0
-3 10: 8 9 9 0 0 0 0 0 0 0
-3 11: 8 9 9 0 0 0 0 0 0 0
-3 12: 8 9 9 0 0 0 0 0 0 0
-3 13: 8 9 9 0 0 0 0 0 0 0
-3 14: 8 9 9 0 0 0 0 0 0 0
-3 15: 8 9 9 0 0 0 0 0 0 0
-3 16: 8 9 9 0 0 0 0 0 0 0
-3 17: 8 9 9 0 0 0 0 0 0 0
-3 18: 8 9 9 0 0 0 0 0 0 0
-3 19: 8 9 9 0 0 0 0 0 0 0
-3 20: 8 9 9 0 0 0 0 0 0 0
-3 21: 8 9 9 0 0 0 0 0 0 0
-3 22: 8 9 9 0 0 0 0 0 0 0
-3 23: 8 9 9 0 0 0 0 0 0 0
-3 24: 8 9 9 0 0 0 0 0 0 0
-3 25: 8 9 9 0 0 0 0 0 0 0
-3 26: 8 9 9 0 0 0 0 0 0 0
-3 27: 8 9 9 0 0 0 0 0 0 0
-3 28: 8 9 9 0 0 0 0 0 0 0
-3 29: 8 9 9 0 0 0 0 0 0 0
-3 30: 8 9 9 0 0 0 0 0 0 0
-2 -3: 8 9 9 0 0 0 0 0 0 0
-2 -2: 8 9 9 0 0 0 0 0 0 0
-2 -1: 8 9 9 0 0 0 0 0 0 0
-2 0: 8 9 9 0 0 0 0 0 0 0
-2 1: 8 9 9 0 0 0 0 0 0 0
-2 2: 8 9 9 0 0 0 0 0 0 0
-2 3: 8 9 9 0 0 0 0 0 0 0
-2 4: 8 9 9 0 0 0 0 0 0 0
-2 5: 8 9 9 0 0 0 0 0 0 0
-2 6: 8 9 9 0 0 0 0 0 0 0
-2 7: 8 9 9 0 0 0 0 0 0 0
-2 8: 8 9 9 0 0 0 0 0 0 0
-2 9: 8 9 9 0 0 0 0 0 0 0
-2 10: 8 9 9 0 0 0 0 0 0 0
-2 11: 8 9 9 0 0 0 0 0 0 0
-2 12: 8 9 9 0 0 0 0 0 0 0
-2 13: 8 9 9 0 0 0 0 0 0 0
-2 14: 8 9 9 0 0 0 0 0 0 0
-2 15: 8 9 9 0 0 0 0 0 0 0
-2 16: 8 9 9 0 0 0 0 0 0 0
-2 17: 8 9 9 0 0 0 0 0 0 0
-2 18: 8 9 9 0 0 0 0 0 0 0
-2 19: 8 9 9 0 0 0 0 0 0 0
-2 20: 8 9 9 0 0 0 0 0 0 0
-2 21: 8 9 9 0 0 0 0 0 0 0
-2 22: 8 9 9 0 0 0 0 0 0 0
-2 23: 8 9 9 0 0 0 0 0 0 0
-2 24: 8 9 9 0 0 0 0 0 0 0
-2 25: 8 9 9 0 0 0 0 0 0 0
-2 26: 8 9 9 0 0 0 0 0 0 0
-2 27: 8 9 9 0 0 0 0 0 0 0
-2 28: 8 9 9 0 0 0 0 0 0 0
-2 29: 8 9 9 0 0 0 0 0 0 0
-2 30: 8 9 9 0 0 0 0 0 0 0
-1 -3: 8 9 9 0 0 0 0 0 0 0
-1 -2: 8 9 9 0 0 0 0 0 0 0
-1 -1: 8 9 9 0 0 0 0 0 0 0
-1 0: 8 9 9 0 0 0 0 0 0 0
-1 1: 8 9 9 0 0 0 0 0 0 0
-1 2: 8 9 9 0 0 0 0 0 0 0
-1 3: 8 9 9 0 0 0 0 0 0 0
-1 4: 8 9 9 0 0 0 0 0 0 0
-1 5: 8 9 9 0 0 0 0 0 0 0
-1 6: 8 9 9 0 0 0 0 0 0 0
-1 7: 8 9 9 0 0 0 0 0 0 0
-1 8: 8 9 9 0 0 0 0 0 0 0
-1 9: 8 9 9 0 0 0 0 0 0 0
-1 10: 8 9 9 0 0 0 0 0 0 0
-1 11: 8 9 9 0 0 0 0 0 0 0
-1 12: 8 9 9 0 0 0 0 0 0 0
-1 13: 8 9 9 0 0 0 0 0 0 0
-1 14: 8 9 9 0 0 0 0 0 0 0
-1 15: 8 9 9 0 0 0 0 0 0 0
-1 16: 8 9 9 0 0 0 0 0 0 0
-1 17: 8 9 9 0 0 0 0 0 0 0
-1 18: 8 9 9 0 0 0 0 0 0 0
-1 19: 8 9 9 0 0 0 0 0 0 0
-1 20: 8 9 9 0 0 0 0 0 0 0
-1 21: 8 9 9 0 0 0 0 0 0 0
-1 22: 8 9 9 0 0 0 0 0 0 0
-1 23: 8 9 9 0 0 0 0 0 0 0
-1 24: 8 9 9 0 0 0 0 0 0 0
-1 25: 8 9 9 0 0 0 0 0 0 0
-1 26: 8 9 9 0 0 0 0 0 0 0
-1 27: 8 9 9 0 0 0 0 0 0 0
-1 28: 8 9 9 0 0 0 0 0 0 0
-1 29: 8 9 9 0 0 0 0 0 0 0
-1 30: 8 9 9 0 0 0 0 0 0 0
0 -3: 8 9 9 0 0 0 0 0 0 0
0 -2: 8 9 9 0 0 0 0 0 0 0
0 -1: 8 9 9 0 0 0 0 0 0 0
0 0: 8 9 9 0 0 0 0 0 0 0
0 1: 8 9 9 0 0 0 0 0 0 0
0 2: 8 9 9 0 0 0 0 0 0 0
0 3: 8 9 9 0 0 0 0 0 0 0
0 4: 8 9 9 0 0 0 0 0 0 0
0 5: 8 9 9 0 0 0 0 0 0 0
0 6: 8 9 9 0 0 0 0 0 0 0
0 7: 8 9 9 0 0 0 0 0 0 0
0 8: 8 9 9 0 0 0 0 0 0 0
0 9: 8 9 9 0 0 0 0 0 0 0
0 10: 8 9 9 0 0 0 0 0 0 0
0 11: 8 9 9 0 0 0 0 0 0 0
0 12: 8 9 9 0 0 0 0 0 0 0
0 13: 8 9 9 0 0 0 0 0 0 0
0 14: 8 9 9 0 0 0 0 0 0 0
0 15: 8 9 9 0 0 0 0 0 0 0
0 16: 8 9 9 0 0 0 0 0 0 0
0 17: 8 9 9 0 0 0 0 0 0 0
0 18: 8 9 9 0 0 0 0 0 0 0
0 19: 8 9 9 0 0 0 0 0 0 0
0 20: 8 9 9 0 0 0 0 0 0 0
0 21: 8 9 9 0 0 0 0 0 0 0
0 22: 8 9 9 0 0 0 0 0 0 0
0 23: 8 9 9 0 0 0 0 0 0 0
0 24: 8 9 9 0 0 0 0 0 0 0
0 25: 8 9 9 0 0 0 0 0 0 0
0 26: 8 9 9 0 0 0 0 0 0 0
0 27: 8 9 9 0 0 0 0 0 0 0
0 28: 8 9 9 0 0 0 0 0 0 0
0 29: 8 9 9 0 0 0 0 0 0 0
0 30: 8 9 9 0 0 0 0 0 0 0
1 -3: 8 9 9 0 0 0 0 0 0 0
1 -2: 8 9 9 0 0 0 0 0 0 0
1 -1: 8 9 9 0 0 0 0 0 0 0
1 0: 8 9 9 0 0 0 0 0 0 0
1 1: 8 9 9 0 0 0 0 0 0 0
1 2: 8 9 9 0 0 0 0 0 0 0
1 3: 8 9 9 0 0 0 0 0 0 0
1 4: 8 9 9 0 0 0 0 0 0 0
1 5: 8 9 9 0 0 0 0 0 0 0
1 6: 8 9 9 0 0 0 0 0 0 0
1 7: 8 9 9 0 0 0 0 0 0 0
1 8: 8 9 9 0 0 0 0 0 0 0
1 9: 8 9 9 0 0 0 0 0 0 0
1 10: 8 9 9 0 0 0 0 0 0 0
1 11: 8 9 9 0 0 0 0 0 0 0
1 12: 8 9 9 0 0 0 0 0 0 0
1 13: 8 9 9 0 0 0 0 0 0 0
1 14: 8 9 9 0 0 0 0 0 0 0
1 15: 8 9 9 0 0 0 0 0 0 0
1 16: 8 9 9 0 0 0 0 0 0 0
1 17: 8 9 9 0 0 0 0 0 0 0
1 18: 8 9 9 0 0 0 0 0 0 0
1 19: 8 9 9 0 0 0 0 0 0 0
1 20: 8 9 9 0 0 0 0 0 0 0
1 21: 8 9 9 0 0 0 0 0 0 0
1 22: 8 9 9 0 0 0 0 0 0 0
1 23: 8 9 9 0 0 0 0 0 0 0
1 24: 8 9 9 0 0 0 0 0 0 0
1 25: 8 9 9 0 0 0 0 0 0 0
1 26: 8 9 9 0 0 0 0 0 0 0
1 27: 8 9 9 0 0 0 0 0 0 0
1 28: 8 9 9 0 0 0 0 0 0 0
1 29: 8 9 9 0 0 0 0 0 0 0
1 30: 8 9 9 0 0 0 0 0 0 0
2 -3: 8 9 9 0 0 0 0 0 0 0
2 -2: 8 9 9 0 0 0 0 0 0 0
2 -1: 8 9 9 0 0 0 0 0 0 0
2 0: 8 9 9 0 0 0 0 0 0 0
2 1: 8 9 9 0 0 0 0 0 0 0
2 2: 8 9 9 0 0 0 0 0 0 0
2 3: 8 9 9 0 0 0 0 0 0 0
2 4: 8 9 9 0 0 0 0 0 0 0
2 5: 8 9 9 0 0 0 0 0 0 0
2 6: 8 9 9 0 0 0 0 0 0 0
2 7: 8 9 9 0 0 0 0 0 0 0
2 8: 8 9 9 0 0 0 0 0 0 0
2 9: 8 9 9 0 0 0 0 0 0 0
2 10: 8 9 9 0 0 0 0 0 0 0
2 11: 8 9 9 0 0 0 0 0 0 0
2 12: 8 9 9 0 0 0 0 0 0 0
2 13: 8 9 9 0 0 0 0 0 0 0
2 14: 8 9 9 0 0 0 0 0 0 0
2 15: 8 9 9 0 0 0 0 0 0 0
2 16: 8 9 9 0 0 0 0 0 0 0
2 17: 8 9 9 0 0 0 0 0 0 0
2 18: 8 9 9 0 0 0 0 0 0 0
2 19: 8 9 9 0 0 0 0 0 0 0
2 20: 8 9 9 0 0 0 0 0 0 0
2 21: 8 9 9 0 0 0 0 0 0 0
2 22: 8 9 9 0 0 0 0 0 0 0
2 23: 8 9 9 0 0 0 0 0 0 0
2 24: 8 9 9 0 0 0 0 0 0 0
2 25: 8 9 9 0 0 0 0 0 0 0
2 26: 8 9 9 0 0 0 0 0 0 0
2 27: 8 9 9 0 0 0 0 0 0 0
2 28: 8 9 9 0 0 0 0 0 0 0
2 29: 8 9 9 0 0 0 0 0 0 0
2 30: 8 9 9 0 0 0 0 0 0 0
3 -3: 8 9 9 0 0 0 0 0 0 0
3 -2: 8 9 9 0 0 0 0 0 0 0
3 -1: 8 9 9 0 0 0 0 0 0 0
3 0: 8 9 9 0 0 0 0 0 0 0
3 1: 8 9 9 0 0 0 0 0 0 0
3 2: 8 9 9 0 0 0 0 0 0 0
3 3: 8 9 9 0 0 0 0 0 0 0
3 4: 8 9 9 0 0 0 0 0 0 0
3 5: 8 9 9 0 0 0 0 0 0 0
3 6: 8 9 9 0 0 0 0 0 0 0
3 7: 8 9 9 0 0 0 0 0 0 0
3 8: 8 9 9 0 0 0 0 0 0 0
3 9: 8 9 9 0 0 0 0 0 0 0
3 10: 8 9 9 0 0 0 0 0 0 0
3 11: 8 9 9 0 0 0 0 0 0 0
3 12: 8 9 9 0 0 0 0 0 0 0
3 13: 8 9 9 0 0 0 0 0 0 0
3 14: 8 9 9 0 0 0 0 0 0 0
3 15: 8 9 9 0 0 0 0 0 0 0
3 16: 8 9 9 0 0 0 0 0 0 0
3 17: 8 9 9 0 0 0 0 0 0 0
3 18: 8 9 9 0 0 0 0 0 0 0
3 19: 8 9 9 0 0 0 0 0 0 0
3 20: 8 9 9 0 0 0 0 0 0 0
3 21: 8 9 9 0 0 0 0 0 0 0
3 22: 8 9 9 0 0 0 0 0 0 0
3 23: 8 9 9 0 0 0 0 0 0 0
3 24: 8 9 9 0 0 0 0 0 0 0
3 25: 8 9 9 0 0 0 0 0 0 0
3 26: 8 9 9 0 0 0 0 0 0 0
3 27: 8 9 9 0 0 0 0 0 0 0
3 28: 8 9 9 0 0 0 0 0 0 0
3 29: 8 9 9 0 0 0 0 0 0 0
3 30: 8 9 9 0 0 0 0 0 0 0
4 -3: 8 9 9 0 0 0 0 0 0 0
4 -2: 8 9 9 0 0 0 0 0 0 0
4 -1: 8 9 9 0 0 0 0 0 0 0
4 0: 8 9 9 0 0 0 0 0 0 0
4 1: 8 9 9 0 0 0 0 0 0 0
4 2: 8 9 9 0 0 0 0 0 0 0
4 3: 8 9 9 0 0 0 0 0 0 0
4 4: 8 9 9 0 0 0 0 0 0 0
4 5: 8 9 9 0 0 0 0 0 0 0
4 6: 8 9 9 0 0 0 0 0 0 0
4 7: 8 9 9 0 0 0 0 0 0 0
4 8: 8 9 9 0 0 0 0 0 0 0
4 9: 8 9 9 0 0 0 0 0 0 0
4 10: 8 9 9 0 0 0 0 0 0 0
4 11: 8 9 9 0 0 0 0 0 0 0
4 12: 8 9 9 0 0 0 0 0 0 0
4 13: 8 9 9 0 0 0 0 0 0 0
4 14: 8 9 9 0 0 0 0 0 0 0
4 15: 8 9 9 0 0 0 0 0 0 0
4 16: 8 9 9 0 0 0 0 0 0 0
4 17: 8 9 9 0 0 0 0 0 0 0
4 18: 8 9 9 0 0 0 0 0 0 0
4 19: 8 9 9 0 0 0 0 0 0 0
4 20: 8 9 9 0 0 0 0 0 0 0
4 21: 8 9 9 0 0 0 0 0 0 0
4 22: 8 9 9 0 0 0 0 0 0 0
4 23: 8 9 9 0 0 0 0 0 0 0
4 24: 8 9 9 0 0 0 0 0 0 0
4 25: 8 9 9 0 0 0 0 0 0 0
4 26: 8 9 9 0 0 0 0 0 0 0
4 27: 8 9 9 0 0 0 0 0 0 0
4 28: 8 9 9 0 0 0 0 0 0 0
4 29: 8 9 9 0 0 0 0 0 0 0
4 30: 8 9 9 0 0 0 0 0 0 0
5 -3: 8 9 9 0 0 0 0 0 0 0
5 -2: 8 9 9 0 0 0 0 0 0 0
5 -1: 8 9 9 0 0 0 0 0 0 0
5 0: 8 9 9 0 0 0 0 0 0 0
5 1: 8 9 9 0 0 0 0 0 0 0
5 2: 8 9 9 0 0 0 0 0 0 0
5 3: 8 9 9 0 0 0 0 0 0 0
5 4: 8 9 9 0 0 0 0 0 0 0
5 5: 8 9 9 0 0 0 0 0 0 0
5 6: 8 9 9 0 0 0 0 0 0 0
5 7: 8 9 9 0 0 0 0 0 0 0
5 8: 8 9 9 0 0 0 0 0 0 0
5 9: 8 9 9 0 0 0 0 0 0 0
5 10: 8 9 9 0 0 0 0 0 0 0
5 11: 8 9 9 0 0 0 0 0 0 0
5 12: 8 9 9 0 0 0 0 0 0 0
5 13: 8 9 9 0 0 0 0 0 0 0
5 14: 8 9 9 0 0 0 0 0 0 0
5 15: 8 9 9 0 0 0 0 0 0 0
5 16: 8 9 9 0 0 0 0 0 0 0
5 17: 8 9 9 0 0 0 0 0 0 0
5 18: 8 9 9 0 0 0 0 0 0 0
5 19: 8 9 9 0 0 0 0 0 0 0
5 20: 8 9 9 0 0 0 0 0 0 0
5 21: 8 9 9 0 0 0 0 0 0 0
5 22: 8 9 9 0 0 0 0 0 0 0
5 23: 8 9 9 0 0 0 0 0 0 0
5 24: 8 9 9 0 0 0 0 0 0 0
5 25: 8 9 9 0 0 0 0 0 0 0
5 26: 8 9 9 0 0 0 0 0 0 0
5 27: 8 9 9 0 0 0 0 0 0 0
5 28: 8 9 9 0 0 0 0 0 0 0
5 29: 8 9 9 0 0 0 0 0 0 0
5 30: 8 9 9 0 0 0 0 0 0 0
6 -3: 8 9 9 0 0 0 0 0 0 0
6 -2: 8 9 9 0 0 0 0 0 0 0
6 -1: 8 9 9 0 0 0 0 0 0 0
6 0: 8 9 9 0 0 0 0 0 0 0
6 1: 8 9 9 0 0 0 0 0 0 0
6 2: 8 9 9 0 0 0 0 0 0 0
6 3: 8 9 9 0 0 0 0 0 0 0
6 4: 8 9 9 0 0 0 0 0 0 0
6 5: 8 9 9 0 0 0 0 0 0 0
6 6: 8 9 9 0 0 0 0 0 0 0
6 7: 8 9 9 0 0 0 0 0 0 0
6 8: 8 9 9 0 0 0 0 0 0 0
6 9: 8 9 9 0 0 0 0 0 0 0
6 10: 8 9 9 0 0 0 0 0 0 0
6 11: 8 9 9 0 0 0 0 0 0 0
6 12: 8 9 9 0 0 0 0 0 0 0
6 13: 8 9 9 0 0 0 0 0 0 0
6 14: 8 9 9 0 0 0 0 0 0 0
6 15: 8 9 9 0 0 0 0 0 0 0
6 16: 8 9 9 0 0 0 0 0 0 0
6 17: 8 9 9 0 0 0 0 0 0 0
6 18: 8 9 9 0 0 0 0 0 0 0
6 19: 8 9 9 0 0 0 0 0 0 0
6 20: 8 9 9 0 0 0 0 0 0 0
6 21: 8 9 9 0 0 0 0 0 0 0
6 22: 8 9 9 0 0 0 0 0 0 0
6 23: 8 9 9 0 0 0 0 0 0 0
6 24: 8 9 9 0 0 0 0 0 0 0
6 25: 8 9 9 0 0 0 0 0 0 0
6 26: 8 9 9 0 0 0 0 0 0 0
6 27: 8 9 9 0 0 0 0 0 0 0
6 28: 8 9 9 0 0 0 0 0 0 0
6 29: 8 9 9 0 0 0 0 0 0 0
6 30: 8 9 9 0 0 0 0 0 0 0
7 -3: 8 9 9 0 0 0 0 0 0 0
7 -2: 8 9 9 0 0 0 0 0 0 0
7 -1: 8 9 9 0 0 0 0 0 0 0
7 0: 8 9 9 0 0 0 0 0 0 0
7 1: 8 9 9 0 0 0 0 0 0 0
7 2: 8 9 9 0 0 0 0 0 0 0
7 3: 8 9 9 0 0 0 0 0 0 0
7 4: 8 9 9 0 0 0 0 0 0 0
7 5: 8 9 9 0 0 0 0 0 0 0
7 6: 8 9 9 0 0 0 0 0 0 0
7 7: 8 9 9 0 0 0 0 0 0 0
7 8: 8 9 9 0 0 0 0 0 0 0
7 9: 8 9 9 0 0 0 0 0 0 0
7 10: 8 9 9 0 0 0 0 0 0 0
7 11: 8 9 9 0 0 0 0 0 0 0
7 12: 8 9 9 0 0 0 0 0 0 0
7 13: 8 9 9 0 0 0 0 0 0 0
7 14: 8 9 9 0 0 0 0 0 0 0
7 15: 8 9 9 0 0 0 0 0 0 0
7 16: 8 9 9 0 0 0 0 0 0 0
7 17: 8 9 9 0 0 0 0 0 0 0
7 18: 8 9 9 0 0 0 0 0 0 0
7 19: 8 9 9 0 0 0 0 0 0 0
7 20: 8 9 9 0 0 0 0 0 0 0
7 21: 8 9 9 0 0 0 0 0 0 0
7 22: 8 9 9 0 0 0 0 0 0 0
7 23: 8 9 9 0 0 0 0 0 0 0
7 24: 8 9 9 0 0 0 0 0 0 0
7 25: 8 9 9 0 0 0 0 0 0 0
7 26: 8 9 9 0 0 0 0 0 0 0
7 27: 8 9 9 0 0 0 0 0 0 0
7 28: 8 9 9 0 0 0 0 0 0 0
7 29: 8 9 9 0 0 0 0 0 0 0
7 30: 8 9 9 0 0 0 0 0 0 0
8 -3: 8 9 9 0 0 0 0 0 0 0
8 -2: 8 9 9 0 0 0 0 0 0 0
8 -1: 8 9 9 0 0 0 0 0 0 0
8 0: 8 9 9 0 0 0 0 0 0 0
8 1: 8 9 9 0 0 0 0 0 0 0
8 2: 8 9 9 0 0 0 0 0 0 0
8 3: 8 9 9 0 0 0 0 0 0 0
8 4: 8 9 9 0 0 0 0 0 0 0
8 5: 8 9 9 0 0 0 0 0 0 0
8 6: 8 9 9 0 0 0 0 0 0 0
8 7: 8 9 9 0 0 0 0 0 0 0
8 8: 8 9 9 0 0 0 0 0 0 0
8 9: 8 9 9 0 0 0 0 0 0 0
8 10: 8 9 9 0 0 0 0 0 0 0
8 11: 8 9 9 0 0 0 0 0 0 0
8 12: 8 9 9 0 0 0 0 0 0 0
8 13: 8 9 9 0 0 0 0 0 0 0
8 14: 8 9 9 0 0 0 0 0 0 0
8 15: 8 9 9 0 0 0 0 0 0 0
8 16: 8 9 9 0 0 0 0 0 0 0
8 17: 8 9 9 0 0 0 0 0 0 0
8 18: 8 9 9 0 0 0 0 0 0 0
8 19: 8 9 9 0 0 0 0 0 0 0
8 20: 8 9 9 0 0 0 0 0 0 0
8 21: 8 9 9 0 0 0 0 0 0 0
8 22: 8 9 9 0 0 0 0 0 0 0
8 23: 8 9 9 0 0 0 0 0 0 0
8 24: 8 9 9 0 0 0 0 0 0 0
8 25: 8 9 9 0 0 0 0 0 0 0
8 26: 8 9 9 0 0 0 0 0 0 0
8 27: 8 9 9 0 0 0 0 0 0 0
8 28: 8 9 9 0 0 0 0 0 0 0
8 29: 8 9 9 0 0 0 0 0 0 0
8 30: 8 9 9 0 0 0 0 0 0 0
9 -3: 8 9 9 0 0 0 0 0 0 0
9 -2: 8 9 9 0 0 0 0 0 0 0
9 -1: 8 9 9 0 0 0 0 0 0 0
9 0: 8 9 9 0 0 0 0 0 0 0
9 1: 8 9 9 0 0 0 0 0 0 0
9 2: 8 9 9 0 0 0 0 0 0 0
9 3: 8 9 9 0 0 0 0 0 0 0
9 4: 8 9 9 0 0 0 0 0 0 0
9 5: 8 9 9 0 0 0 0 0 0 0
9 6: 8 9 9 0 0 0 0 0 0 0
9 7: 8 9 9 0 0 0 0 0 0 0
9 8: 8 9 9 0 0 0 0 0 0 0
9 9: 8 9 9 0 0 0 0 0 0 0
9 10: 8 9 9 0 0 0 0 0 0 0
9 11: 8 9 9 0 0 0 0 0 0 0
9 12: 8 9 9 0 0 0 0 0 0 0
9 13: 8 9 9 0 0 0 0 0 0 0
9 14: 8 9 9 0 0 0 0 0 0 0
9 15: 8 9 9 0 0 0 0 0 0 0
9 16: 8 9 9 0 0 0 0 0 0 0
9 17: 8 9 9 0 0 0 0 0 0 0
9 18: 8 9 9 0 0 0 0 0 0 0
9 19: 8 9 9 0 0 0 0 0 0 0
9 20: 8 9 9 0 0 0 0 0 0 0
9 21: 8 9 9 0 0 0 0 0 0 0
9 22: 8 9 9 0 0 0 0 0 0 0
9 23: 8 9 9 0 0 0 0 0 0 0
9 24: 8 9 9 0 0 0 0 0 0 0
9 25: 8 9 9 0 0 0 0 0 0 0
9 26: 8 9 9 0 0 0 0 0 0 0
9 27: 8 9 9 0 0 0 0 0 0 0
9 28: 8 9 9 0 0 0 0 0 0 0
9 29: 8 9 9 0 0 0 0 0 0 0
9 30: 8 9 9 0 0 0 0 0 0 0
10 -3: 8 9 9 0 0 0 0 0 0 0
10 -2: 8 9 9 0 0 0 0 0 0 0
10 -1: 8 9 9 0 0 0 0 0 0 0
10 0: 8 9 9 0 0 0 0 0 0 0
10 1: 8 9 9 0 0 0 0 0 0 0
10 2: 8 9 9 0 0 0 0 0 0 0
10 3: 8 9 9 0 0 0 0 0 0 0
10 4: 8 9 9 0 0 0 0 0 0 0
10 5: 8 9 9 0 0 0 0 0 0 0
10 6: 8 9 9 0 0 0 0 0 0 0
10 7: 8 9 9 0 0 0 0 0 0 0
10 8: 8 9 9 0 0 0 0 0 0 0
10 9: 8 9 9 0 0 0 0 0 0 0
10 10: 8 9 9 0 0 0 0 0 0 0
10 11: 8 9 9 0 0 0 0 0 0 0
10 12: 8 9 9 0 0 0 0 0 0 0
10 13: 8 9 9 0 0 0 0 0 0 0
10 14: 8 9 9 0 0 0 0 0 0 0
10 15: 8 9 9 0 0 0 0 0 0 0
10 16: 8 9 9 0 0 0 0 0 0 0
10 17: 8 9 9 0 0 0 0 0 0 0
10 18: 8 9 9 0 0 0 0 0 0 0
10 19: 8 9 9 0 0 0 0 0 0 0
10 20: 8 9 9 0 0 0 0 0 0 0
10 21: 8 9 9 0 0 0 0 0 0 0
10 22: 8 9 9 0 0 0 0 0 0 0
10 23: 8 9 9 0 0 0 0 0 0 0
10 24: 8 9 9 0 0 0 0 0 0 0
10 25: 8 9 9 0 0 0 0 0 0 0
10 26: 8 9 9 0 0 0 0 0 0 0
10 27: 8 9 9 0 0 0 0 0 0 0
10 28: 8 9 9 0 0 0 0 0 0 0
10 29: 8 9 9 0 0 0 0 0 0 0
10 30: 8 9 9 0 0 0 0 0 0 0
11 -3: 8 9 9 0 0 0 0 0 0 0
11 -2: 8 9 9 0 0 0 0 0 0 0
11 -1: 8 9 9 0 0 0 0 0 0 0
11 0: 8 9 9 0 0 0 0 0 0 0
11 1: 8 9 9 0 0 0 0 0 0 0
11 2: 8 9 9 0 0 0 0 0 0 0
11 3: 8 9 9 0 0 0 0 0 0 0
11 4: 8 9 9 0 0 0 0 0 0 0
11 5: 8 9 9 0 0 0 0 0 0 0
11 6: 8 9 9 0 0 0 0 0 0 0
11 7: 8 9 9 0 0 0 0 0 0 0
11 8: 8 9 9 0 0 0 0 0 0 0
11 9: 8 9 9 0 0 0 0 0 0 0
11 10: 8 9 9 0 0 0 0 0 0 0
11 11: 8 9 9 0 0 0 0 0 0 0
11 12: 8 9 9 0 0 0 0 0 0 0
11 13: 8 9 9 0 0 0 0 0 0 0
11 14: 8 9 9 0 0 0 0 0 0 0
11 15: 8 9 9 0 0 0 0 0 0 0
11 16: 8 9 9 0 0 0 0 0 0 0
11 17: 8 9 9 0 0 0 0 0 0 0
11 18: 8 9 9 0 0 0 0 0 0 0
11 19: 8 9 9 0 0 0 0 0 0 0
11 20: 8 9 9 0 0 0 0 0 0 0
11 21: 8 9 9 0 0 0 0 0 0 0
11 22: 8 9 9 0 0 0 0 0 0 0
11 23: 8 9 9 0 0 0 0 0 0 0
11 24: 8 9 9 0 0 0 0 0 0 0
11 25: 8 9 9 0 0 0 0 0 0 0
11 26: 8 9 9 0 0 0 0 0 0 0
11 27: 8 9 9 0 0 0 0 0 0 0
11 28: 8 9 9 0 0 0 0 0 0 0
11 29: 8 9 9 0 0 0 0 0 0 0
11 30: 8 9 9 0 0 0 0 0 0 0
12 -3: 8 9 9 0 0 0 0 0 0 0
12 -2: 8 9 9 0 0 0 0 0 0 0
12 -1: 8 9 9 0 0 0 0 0 0 0
12 0: 8 9 9 0 0 0 0 0 0 0
12 1: 8 9 9 0 0 0 0 0 0 0
12 2: 8 9 9 0 0 0 0 0 0 0
12 3: 8 9 9 0 0 0 0 0 0 0
12 4: 8 9 9 0 0 0 0 0 0 0
12 5: 8 9 9 0 0 0 0 0 0 0
12 6: 8 9 9 0 0 0 0 0 0 0
12 7: 8 9 9 0 0 0 0 0 0 0
12 8: 8 9 9 0 0 0 0 0 0 0
12 9: 8 9 9 0 0 0 0 0 0 0
12 10: 8 9 9 0 0 0 0 0 0 0
12 11: 8 9 9 0 0 0 0 0 0 0
12 12: 8 9 9 0 0 0 0 0 0 0
12 13: 8 9 9 0 0 0 0 0 0 0
12 14: 8 9 9 0 0 0 0 0 0 0
12 15: 8 9 9 0 0 0 0 0 0 0
12 16: 8 9 9 0 0 0 0 0 0 0
12 17: 8 9 9 0 0 0 0 0 0 0
12 18: 8 9 9 0 0 0 0 0 0 0
12 19: 8 9 9 0 0 0 0 0 0 0
12 20: 8 9 9 0 0 0 0 0 0 0
12 21: 8 9 9 0 0 0 0 0 0 0
12 22: 8 9 9 0 0 0 0 0 0 0
12 23: 8 9 9 0 0 0 0 0 0 0
12 24: 8 9 9 0 0 0 0 0 0 0
12 25: 8 9 9 0 0 0 0 0 0 0
12 26: 8 9 9 0 0 0 0 0 0 0
12 27: 8 9 9 0 0 0 0 0 0 0
12 28: 8 9 9 0 0 0 0 0 0 0
12 29: 8 9 9 0 0 0 0 0 0 0
12 30: 8 9 9 0 0 0 0 0 0 0
13 -3: 8 9 9 0 0 0 0 0 0 0
13 -2: 8 9 9 0 0 0 0 0 0 0
13 -1: 8 9 9 0 0 0 0 0 0 0
13 0: 8 9 9 0 0 0 0 0 0 0
13 1: 8 9 9 0 0 0 0 0 0 0
13 2: 8 9 9 0 0 0 0 0 0 0
13 3: 8 9 9 0 0 0 0 0 0 0
13 4: 8 9 9 0 0 0 0 0 0 0
13 5: 8 9 9 0 0 0 0 0 0 0
13 6: 8 9 9 0 0 0 0 0 0 0
13 7: 8 9 9 0 0 0 0 0 0 0
13 8: 8 9 9 0 0 0 0 0 0 0
13 9: 8 9 9 0 0 0 0 0 0 0
13 10: 8 9 9 0 0 0 0 0 0 0
13 11: 8 9 9 0 0 0 0 0 0 0
13 12: 8 9 9 0 0 0 0 0 0 0
13 13: 8 9 9 0 0 0 0 0 0 0
13 14: 8 9 9 0 0 0 0 0 0 0
13 15: 8 9 9 0 0 0 0 0 0 0
13 16: 8 9 9 0 0 0 0 0 0 0
13 17: 8 9 9 0 0 0 0 0 0 0
13 18: 8 9 9 0 0 0 0 0 0 0
13 19: 8 9 9 0 0 0 0 0 0 0
13 20: 8 9 9 0 0 0 0 0 0 0
13 21: 8 9 9 0 0 0 0 0 0 0
13 22: 8 9 9 0 0 0 0 0 0 0
13 23: 8 9 9 0 0 0 0 0 0 0
13 24: 8 9 9 0 0 0 0 0 0 0
13 25: 8 9 9 0 0 0 0 0 0 0
13 26: 8 9 9 0 0 0 0 0 0 0
13 27: 8 9 9 0 0 0 0 0 0 0
13 28: 8 9 9 0 0 0 0 0 0 0
13 29: 8 9 9 0 0 0 0 0 0 0
13 30: 8 9 9 0 0 0 0 0 0 0
14 -3: 8 9 9 0 0 0 0 0 0 0
14 -2: 8 9 9 0 0 0 0 0 0 0
14 -1: 8 9 9 0 0 0 0 0 0 0
14 0: 8 9 9 0 0 0 0 0 0 0
14 1: 8 9 9 0 0 0 0 0 0 0
14 2: 8 9 9 0 0 0 0 0 0 0
14 3: 8 9 9 0 0 0 0 0 0 0
14 4: 8 9 9 0 0 0 0 0 0 0
14 5: 8 9 9 0 0 0 0 0 0 0
14 6: 8 9 9 0 0 0 0 0 0 0
14 7: 8 9 9 0 0 0 0 0 0 0
14 8: 8 9 9 0 0 0 0 0 0 0
14 9: 8 9 9 0 0 0 0 0 0 0
14 10: 8 9 9 0 0 0 0 0 0 0
14 11: 8 9 9 0 0 0 0 0 0 0
14 12: 8 9 9 0 0 0 0 0 0 0
14 13: 8 9 9 0 0 0 0 0 0 0
14 14: 8 9 9 0 0 0 0 0 0 0
14 15: 8 9 9 0 0 0 0 0 0 0
14 16: 8 9 9 0 0 0 0 0 0 0
14 17: 8 9 9 0 0 0 0 0 0 0
14 18: 8 9 9 0 0 0 0 0 0 0
14 19: 8 9 9 0 0 0 0 0 0 0
14 20: 8 9 9 0 0 0 0 0 0 0
14 21: 8 9 9 0 0 0 0 0 0 0
14 22: 8 9 9 0 0 0 0 0 0 0
14 23: 8 9 9 0 0 0 0 0 0 0
14 24: 8 9 9 0 0 0 0 0 0 0
14 25: 8 9 9 0 0 0 0 0 0 0
14 26: 8 9 9 0 0 0 0 0 0 0
14 27: 8 9 9 0 0 0 0 0 0 0
14 28: 8 9 9 0 0 0 0 0 0 0
14 29: 8 9 9 0 0 0 0 0 0 0
14 30: 8 9 9 0 0 0 0 0 0 0
